Client ID,FL Round,Training Time,JSD,HDH Time,Communication Time,Total Time of FL Round,# of CPU,CPU Usage (%),RAM Usage (%),Model Type,Data Distr. Type,Dataset,Train Loss,Train Accuracy,Train F1,Train MAE,Val Loss,Val Accuracy,Val F1,Val MAE
Client 1,1,0.0,0.02,0.0,0.01,,2,101,14,prostate_logreg,non-IID,PROSTATE,,,,,,,,
Client 2,1,0.0,0.31,0.0,0.31,,2,99,14,prostate_logreg,non-IID,PROSTATE,,,,,,,,
Client 3,1,0.0,0.0,0.0,0.01,,2,101,14,prostate_logreg,non-IID,PROSTATE,,,,,,,,
Client 4,1,0.0,0.31,0.0,0.01,,2,101,14,prostate_logreg,non-IID,PROSTATE,,,,,,,,
Client 5,1,0.0,0.31,0.0,0.01,,2,99,14,prostate_logreg,non-IID,PROSTATE,,,,,,,,
Client 6,1,0.0,0.04,0.0,0.02,,2,100,14,prostate_logreg,non-IID,PROSTATE,,,,,,,,
Client 7,1,0.0,0.31,0.0,0.01,,2,101,14,prostate_logreg,non-IID,PROSTATE,,,,,,,,
Client 8,1,0.0,0.31,0.0,0.01,,2,99,14,prostate_logreg,non-IID,PROSTATE,,,,,,,,
Client 9,1,0.0,0.31,0.0,0.33,,2,102,14,prostate_logreg,non-IID,PROSTATE,,,,,,,,
Client 10,1,0.0,0.31,0.0,0.01,,2,101,14,prostate_logreg,non-IID,PROSTATE,,,,,,,,
Client 11,1,0.0,0.31,0.0,0.01,,2,99,14,prostate_logreg,non-IID,PROSTATE,,,,,,,,
Client 12,1,0.0,0.31,0.0,0.01,,2,101,14,prostate_logreg,non-IID,PROSTATE,,,,,,,,
Client 13,1,0.0,0.11,0.0,0.01,,2,100,14,prostate_logreg,non-IID,PROSTATE,,,,,,,,
Client 14,1,0.0,0.31,0.0,0.02,,2,101,14,prostate_logreg,non-IID,PROSTATE,,,,,,,,
Client 15,1,0.0,0.31,0.0,0.36,,2,100,14,prostate_logreg,non-IID,PROSTATE,,,,,,,,
Client 16,1,0.0,0.31,0.0,0.01,,2,100,14,prostate_logreg,non-IID,PROSTATE,,,,,,,,
Client 17,1,0.0,0.0,0.0,0.01,,2,99,14,prostate_logreg,non-IID,PROSTATE,,,,,,,,
Client 18,1,0.0,0.31,0.0,0.01,,2,100,14,prostate_logreg,non-IID,PROSTATE,,,,,,,,
Client 19,1,0.0,0.31,0.0,0.02,,2,98,14,prostate_logreg,non-IID,PROSTATE,,,,,,,,
Client 20,1,0.0,0.31,0.0,0.01,,2,101,14,prostate_logreg,non-IID,PROSTATE,,,,,,,,
Client 21,1,0.0,0.31,0.0,0.4,,2,101,14,prostate_logreg,non-IID,PROSTATE,,,,,,,,
Client 22,1,0.0,0.31,0.0,0.01,,2,100,14,prostate_logreg,non-IID,PROSTATE,,,,,,,,
Client 23,1,0.0,0.31,0.0,0.01,,2,101,14,prostate_logreg,non-IID,PROSTATE,,,,,,,,
Client 24,1,0.0,0.31,0.0,0.01,,2,102,14,prostate_logreg,non-IID,PROSTATE,,,,,,,,
Client 25,1,0.0,0.07,0.0,0.01,,2,101,14,prostate_logreg,non-IID,PROSTATE,,,,,,,,
Client 26,1,0.0,0.31,0.0,0.02,,1,53,14,prostate_logreg,non-IID,PROSTATE,,,,,,,,
Client 27,1,0.0,0.07,0.0,0.01,,1,52,14,prostate_logreg,non-IID,PROSTATE,,,,,,,,
Client 28,1,0.0,0.31,0.0,0.07,,1,51,14,prostate_logreg,non-IID,PROSTATE,,,,,,,,
Client 29,1,0.0,0.31,0.0,0.01,,1,54,14,prostate_logreg,non-IID,PROSTATE,,,,,,,,
Client 30,1,0.0,0.31,0.0,0.8,,1,51,14,prostate_logreg,non-IID,PROSTATE,,,,,,,,
Client 31,1,0.0,0.31,0.0,0.01,,1,54,14,prostate_logreg,non-IID,PROSTATE,,,,,,,,
Client 32,1,0.0,0.31,0.0,0.83,,1,52,14,prostate_logreg,non-IID,PROSTATE,,,,,,,,
Client 33,1,0.0,0.0,0.0,0.01,,1,53,14,prostate_logreg,non-IID,PROSTATE,,,,,,,,
Client 34,1,0.0,0.31,0.0,0.01,,1,53,14,prostate_logreg,non-IID,PROSTATE,,,,,,,,
Client 35,1,0.0,0.11,0.0,0.01,,1,52,14,prostate_logreg,non-IID,PROSTATE,,,,,,,,
Client 36,1,0.0,0.31,0.0,0.01,,1,50,14,prostate_logreg,non-IID,PROSTATE,,,,,,,,
Client 37,1,0.0,0.07,0.0,0.02,,1,52,14,prostate_logreg,non-IID,PROSTATE,,,,,,,,
Client 38,1,0.0,0.31,0.0,0.06,,1,52,14,prostate_logreg,non-IID,PROSTATE,,,,,,,,
Client 39,1,0.0,0.05,0.0,0.06,,1,52,14,prostate_logreg,non-IID,PROSTATE,,,,,,,,
Client 40,1,0.0,0.31,0.0,0.01,1.78,1,54,14,prostate_logreg,non-IID,PROSTATE,0.55,0.7678,0.6073,0.2322,0.7,0.5326,0.5095,0.4674
Client 1,2,0.0,0.02,0.0,0.01,,2,102,14,prostate_logreg,non-IID,PROSTATE,,,,,,,,
Client 2,2,0.0,0.0,0.0,0.01,,2,97,14,prostate_logreg,non-IID,PROSTATE,,,,,,,,
Client 3,2,0.0,0.02,0.0,0.01,,2,98,14,prostate_logreg,non-IID,PROSTATE,,,,,,,,
Client 4,2,0.0,0.02,0.0,0.01,,2,102,14,prostate_logreg,non-IID,PROSTATE,,,,,,,,
Client 5,2,0.0,0.16,0.0,0.01,,2,99,14,prostate_logreg,non-IID,PROSTATE,,,,,,,,
Client 6,2,0.0,0.04,0.0,0.01,,2,93,14,prostate_logreg,non-IID,PROSTATE,,,,,,,,
Client 7,2,0.0,0.31,0.0,0.02,,2,107,14,prostate_logreg,non-IID,PROSTATE,,,,,,,,
Client 8,2,0.0,0.31,0.0,0.01,,2,100,14,prostate_logreg,non-IID,PROSTATE,,,,,,,,
Client 9,2,0.0,0.16,0.0,0.01,,2,96,14,prostate_logreg,non-IID,PROSTATE,,,,,,,,
Client 10,2,0.0,0.31,0.0,0.01,,2,100,14,prostate_logreg,non-IID,PROSTATE,,,,,,,,
Client 11,2,0.0,0.31,0.0,0.01,,2,100,14,prostate_logreg,non-IID,PROSTATE,,,,,,,,
Client 12,2,0.0,0.31,0.0,0.01,,2,103,14,prostate_logreg,non-IID,PROSTATE,,,,,,,,
Client 13,2,0.0,0.07,0.0,0.01,,2,102,14,prostate_logreg,non-IID,PROSTATE,,,,,,,,
Client 14,2,0.0,0.0,0.0,0.01,,2,102,14,prostate_logreg,non-IID,PROSTATE,,,,,,,,
Client 15,2,0.0,0.31,0.0,0.01,,2,103,14,prostate_logreg,non-IID,PROSTATE,,,,,,,,
Client 16,2,0.0,0.07,0.0,0.01,,2,101,14,prostate_logreg,non-IID,PROSTATE,,,,,,,,
Client 17,2,0.0,0.0,0.0,0.01,,2,103,14,prostate_logreg,non-IID,PROSTATE,,,,,,,,
Client 18,2,0.0,0.17,0.0,0.01,,2,98,14,prostate_logreg,non-IID,PROSTATE,,,,,,,,
Client 19,2,0.0,0.31,0.0,0.01,,2,98,14,prostate_logreg,non-IID,PROSTATE,,,,,,,,
Client 20,2,0.0,0.01,0.0,0.01,,2,99,14,prostate_logreg,non-IID,PROSTATE,,,,,,,,
Client 21,2,0.0,0.01,0.0,0.01,,2,104,14,prostate_logreg,non-IID,PROSTATE,,,,,,,,
Client 22,2,0.0,0.31,0.0,0.01,,2,96,14,prostate_logreg,non-IID,PROSTATE,,,,,,,,
Client 23,2,0.0,0.31,0.0,0.01,,2,110,14,prostate_logreg,non-IID,PROSTATE,,,,,,,,
Client 24,2,0.0,0.31,0.0,0.01,,2,100,14,prostate_logreg,non-IID,PROSTATE,,,,,,,,
Client 25,2,0.0,0.0,0.0,0.01,,2,96,14,prostate_logreg,non-IID,PROSTATE,,,,,,,,
Client 26,2,0.0,0.31,0.0,0.01,,1,65,14,prostate_logreg,non-IID,PROSTATE,,,,,,,,
Client 27,2,0.0,0.07,0.0,0.01,,1,68,14,prostate_logreg,non-IID,PROSTATE,,,,,,,,
Client 28,2,0.0,0.01,0.0,0.02,,1,58,14,prostate_logreg,non-IID,PROSTATE,,,,,,,,
Client 29,2,0.0,0.0,0.0,0.06,,1,52,14,prostate_logreg,non-IID,PROSTATE,,,,,,,,
Client 30,2,0.0,0.31,0.0,0.06,,1,56,14,prostate_logreg,non-IID,PROSTATE,,,,,,,,
Client 31,2,0.0,0.31,0.0,0.06,,1,56,14,prostate_logreg,non-IID,PROSTATE,,,,,,,,
Client 32,2,0.0,0.11,0.0,0.01,,1,62,14,prostate_logreg,non-IID,PROSTATE,,,,,,,,
Client 33,2,0.0,0.12,0.0,0.01,,1,58,14,prostate_logreg,non-IID,PROSTATE,,,,,,,,
Client 34,2,0.0,0.31,0.0,0.06,,1,51,14,prostate_logreg,non-IID,PROSTATE,,,,,,,,
Client 35,2,0.0,0.18,0.0,0.06,,1,61,14,prostate_logreg,non-IID,PROSTATE,,,,,,,,
Client 36,2,0.0,0.07,0.0,0.06,,1,55,14,prostate_logreg,non-IID,PROSTATE,,,,,,,,
Client 37,2,0.0,0.07,0.0,0.01,,1,57,14,prostate_logreg,non-IID,PROSTATE,,,,,,,,
Client 38,2,0.0,0.31,0.0,0.01,,1,62,14,prostate_logreg,non-IID,PROSTATE,,,,,,,,
Client 39,2,0.0,0.31,0.0,0.01,,1,62,14,prostate_logreg,non-IID,PROSTATE,,,,,,,,
Client 40,2,0.0,0.01,0.0,0.01,0.51,1,77,14,prostate_logreg,non-IID,PROSTATE,0.57,0.75,0.6071,0.25,0.67,0.6266,0.5928,0.3734
Client 1,3,0.0,0.02,0.0,0.01,,2,103,14,prostate_logreg,non-IID,PROSTATE,,,,,,,,
Client 2,3,0.0,0.17,0.0,0.01,,2,95,14,prostate_logreg,non-IID,PROSTATE,,,,,,,,
Client 3,3,0.0,0.0,0.0,0.01,,2,103,14,prostate_logreg,non-IID,PROSTATE,,,,,,,,
Client 4,3,0.0,0.06,0.0,0.01,,2,100,14,prostate_logreg,non-IID,PROSTATE,,,,,,,,
Client 5,3,0.0,0.0,0.0,0.01,,2,101,14,prostate_logreg,non-IID,PROSTATE,,,,,,,,
Client 6,3,0.0,0.0,0.0,0.01,,2,99,14,prostate_logreg,non-IID,PROSTATE,,,,,,,,
Client 7,3,0.0,0.09,0.0,0.01,,2,103,14,prostate_logreg,non-IID,PROSTATE,,,,,,,,
Client 8,3,0.0,0.31,0.0,0.01,,2,102,14,prostate_logreg,non-IID,PROSTATE,,,,,,,,
Client 9,3,0.0,0.09,0.0,0.01,,2,97,14,prostate_logreg,non-IID,PROSTATE,,,,,,,,
Client 10,3,0.0,0.16,0.0,0.01,,2,99,14,prostate_logreg,non-IID,PROSTATE,,,,,,,,
Client 11,3,0.0,0.31,0.0,0.01,,2,101,14,prostate_logreg,non-IID,PROSTATE,,,,,,,,
Client 12,3,0.0,0.1,0.0,0.01,,2,107,14,prostate_logreg,non-IID,PROSTATE,,,,,,,,
Client 13,3,0.0,0.11,0.0,0.01,,2,105,14,prostate_logreg,non-IID,PROSTATE,,,,,,,,
Client 14,3,0.0,0.19,0.0,0.01,,2,100,14,prostate_logreg,non-IID,PROSTATE,,,,,,,,
Client 15,3,0.0,0.09,0.0,0.01,,2,98,14,prostate_logreg,non-IID,PROSTATE,,,,,,,,
Client 16,3,0.0,0.11,0.0,0.01,,2,99,14,prostate_logreg,non-IID,PROSTATE,,,,,,,,
Client 17,3,0.0,0.01,0.0,0.01,,2,103,14,prostate_logreg,non-IID,PROSTATE,,,,,,,,
Client 18,3,0.0,0.1,0.0,0.01,,2,96,14,prostate_logreg,non-IID,PROSTATE,,,,,,,,
Client 19,3,0.0,0.05,0.0,0.01,,2,100,14,prostate_logreg,non-IID,PROSTATE,,,,,,,,
Client 20,3,0.0,0.04,0.0,0.01,,2,98,14,prostate_logreg,non-IID,PROSTATE,,,,,,,,
Client 21,3,0.0,0.0,0.0,0.01,,2,102,14,prostate_logreg,non-IID,PROSTATE,,,,,,,,
Client 22,3,0.0,0.0,0.0,0.01,,2,99,14,prostate_logreg,non-IID,PROSTATE,,,,,,,,
Client 23,3,0.0,0.31,0.0,0.01,,2,97,14,prostate_logreg,non-IID,PROSTATE,,,,,,,,
Client 24,3,0.0,0.02,0.0,0.01,,2,99,14,prostate_logreg,non-IID,PROSTATE,,,,,,,,
Client 25,3,0.0,0.0,0.0,0.01,,2,98,14,prostate_logreg,non-IID,PROSTATE,,,,,,,,
Client 26,3,0.0,0.07,0.0,0.01,,1,55,14,prostate_logreg,non-IID,PROSTATE,,,,,,,,
Client 27,3,0.0,0.01,0.0,0.01,,1,62,14,prostate_logreg,non-IID,PROSTATE,,,,,,,,
Client 28,3,0.0,0.31,0.0,0.01,,1,64,14,prostate_logreg,non-IID,PROSTATE,,,,,,,,
Client 29,3,0.0,0.01,0.0,0.01,,1,62,14,prostate_logreg,non-IID,PROSTATE,,,,,,,,
Client 30,3,0.0,0.31,0.0,0.06,,1,60,14,prostate_logreg,non-IID,PROSTATE,,,,,,,,
Client 31,3,0.0,0.31,0.0,0.01,,1,56,14,prostate_logreg,non-IID,PROSTATE,,,,,,,,
Client 32,3,0.0,0.02,0.0,0.01,,1,61,14,prostate_logreg,non-IID,PROSTATE,,,,,,,,
Client 33,3,0.0,0.05,0.0,0.01,,1,73,14,prostate_logreg,non-IID,PROSTATE,,,,,,,,
Client 34,3,0.0,0.0,0.0,0.01,,1,64,14,prostate_logreg,non-IID,PROSTATE,,,,,,,,
Client 35,3,0.0,0.21,0.0,0.06,,1,51,14,prostate_logreg,non-IID,PROSTATE,,,,,,,,
Client 36,3,0.0,0.07,0.0,0.01,,1,56,14,prostate_logreg,non-IID,PROSTATE,,,,,,,,
Client 37,3,0.0,0.04,0.0,0.06,,1,57,14,prostate_logreg,non-IID,PROSTATE,,,,,,,,
Client 38,3,0.0,0.21,0.0,0.06,,1,51,14,prostate_logreg,non-IID,PROSTATE,,,,,,,,
Client 39,3,0.0,0.06,0.0,0.01,,1,77,14,prostate_logreg,non-IID,PROSTATE,,,,,,,,
Client 40,3,0.0,0.16,0.0,0.01,0.51,1,61,14,prostate_logreg,non-IID,PROSTATE,0.58,0.7458,0.6346,0.2542,0.64,0.6964,0.6518,0.3036
Client 1,4,0.0,0.09,0.0,0.01,,2,100,14,prostate_logreg,non-IID,PROSTATE,,,,,,,,
Client 2,4,0.0,0.19,0.0,0.01,,2,106,14,prostate_logreg,non-IID,PROSTATE,,,,,,,,
Client 3,4,0.0,0.0,0.0,0.01,,2,99,14,prostate_logreg,non-IID,PROSTATE,,,,,,,,
Client 4,4,0.0,0.06,0.0,0.01,,2,103,14,prostate_logreg,non-IID,PROSTATE,,,,,,,,
Client 5,4,0.0,0.0,0.0,0.01,,2,99,14,prostate_logreg,non-IID,PROSTATE,,,,,,,,
Client 6,4,0.0,0.0,0.0,0.01,,2,100,14,prostate_logreg,non-IID,PROSTATE,,,,,,,,
Client 7,4,0.0,0.05,0.0,0.01,,2,100,14,prostate_logreg,non-IID,PROSTATE,,,,,,,,
Client 8,4,0.0,0.22,0.0,0.01,,2,102,14,prostate_logreg,non-IID,PROSTATE,,,,,,,,
Client 9,4,0.0,0.05,0.0,0.01,,2,104,14,prostate_logreg,non-IID,PROSTATE,,,,,,,,
Client 10,4,0.0,0.31,0.0,0.01,,2,99,14,prostate_logreg,non-IID,PROSTATE,,,,,,,,
Client 11,4,0.0,0.21,0.0,0.01,,2,98,14,prostate_logreg,non-IID,PROSTATE,,,,,,,,
Client 12,4,0.0,0.01,0.0,0.01,,2,100,14,prostate_logreg,non-IID,PROSTATE,,,,,,,,
Client 13,4,0.0,0.11,0.0,0.01,,2,98,14,prostate_logreg,non-IID,PROSTATE,,,,,,,,
Client 14,4,0.0,0.01,0.0,0.01,,2,100,14,prostate_logreg,non-IID,PROSTATE,,,,,,,,
Client 15,4,0.0,0.08,0.0,0.01,,2,106,14,prostate_logreg,non-IID,PROSTATE,,,,,,,,
Client 16,4,0.0,0.07,0.0,0.01,,2,100,14,prostate_logreg,non-IID,PROSTATE,,,,,,,,
Client 17,4,0.0,0.04,0.0,0.01,,2,104,14,prostate_logreg,non-IID,PROSTATE,,,,,,,,
Client 18,4,0.0,0.13,0.0,0.01,,2,106,14,prostate_logreg,non-IID,PROSTATE,,,,,,,,
Client 19,4,0.0,0.05,0.0,0.01,,2,97,14,prostate_logreg,non-IID,PROSTATE,,,,,,,,
Client 20,4,0.0,0.04,0.0,0.01,,2,96,14,prostate_logreg,non-IID,PROSTATE,,,,,,,,
Client 21,4,0.0,0.0,0.0,0.01,,2,100,14,prostate_logreg,non-IID,PROSTATE,,,,,,,,
Client 22,4,0.0,0.01,0.0,0.01,,2,100,14,prostate_logreg,non-IID,PROSTATE,,,,,,,,
Client 23,4,0.0,0.02,0.0,0.01,,2,96,14,prostate_logreg,non-IID,PROSTATE,,,,,,,,
Client 24,4,0.0,0.05,0.0,0.01,,2,106,14,prostate_logreg,non-IID,PROSTATE,,,,,,,,
Client 25,4,0.0,0.08,0.0,0.01,,2,98,14,prostate_logreg,non-IID,PROSTATE,,,,,,,,
Client 26,4,0.0,0.06,0.0,0.01,,1,66,14,prostate_logreg,non-IID,PROSTATE,,,,,,,,
Client 27,4,0.0,0.05,0.0,0.06,,1,56,14,prostate_logreg,non-IID,PROSTATE,,,,,,,,
Client 28,4,0.0,0.01,0.0,0.01,,1,60,14,prostate_logreg,non-IID,PROSTATE,,,,,,,,
Client 29,4,0.0,0.01,0.0,0.01,,1,62,14,prostate_logreg,non-IID,PROSTATE,,,,,,,,
Client 30,4,0.0,0.23,0.0,0.01,,1,61,14,prostate_logreg,non-IID,PROSTATE,,,,,,,,
Client 31,4,0.0,0.16,0.0,0.01,,1,53,14,prostate_logreg,non-IID,PROSTATE,,,,,,,,
Client 32,4,0.0,0.05,0.0,0.01,,1,58,14,prostate_logreg,non-IID,PROSTATE,,,,,,,,
Client 33,4,0.0,0.01,0.0,0.01,,1,61,14,prostate_logreg,non-IID,PROSTATE,,,,,,,,
Client 34,4,0.0,0.0,0.0,0.01,,1,63,14,prostate_logreg,non-IID,PROSTATE,,,,,,,,
Client 35,4,0.0,0.04,0.0,0.06,,1,61,14,prostate_logreg,non-IID,PROSTATE,,,,,,,,
Client 36,4,0.0,0.05,0.0,0.06,,1,57,14,prostate_logreg,non-IID,PROSTATE,,,,,,,,
Client 37,4,0.0,0.05,0.0,0.01,,1,60,14,prostate_logreg,non-IID,PROSTATE,,,,,,,,
Client 38,4,0.0,0.22,0.0,0.01,,1,63,14,prostate_logreg,non-IID,PROSTATE,,,,,,,,
Client 39,4,0.0,0.03,0.0,0.01,,1,63,14,prostate_logreg,non-IID,PROSTATE,,,,,,,,
Client 40,4,0.05,0.0,0.0,0.01,0.44,1,61,14,prostate_logreg,non-IID,PROSTATE,0.57,0.7599,0.6377,0.2401,0.62,0.717,0.6706,0.283
Client 1,5,0.0,0.07,0.0,0.01,,2,101,14,prostate_logreg,non-IID,PROSTATE,,,,,,,,
Client 2,5,0.0,0.11,0.0,0.01,,2,103,14,prostate_logreg,non-IID,PROSTATE,,,,,,,,
Client 3,5,0.0,0.08,0.0,0.01,,2,101,14,prostate_logreg,non-IID,PROSTATE,,,,,,,,
Client 4,5,0.0,0.12,0.0,0.01,,2,98,14,prostate_logreg,non-IID,PROSTATE,,,,,,,,
Client 5,5,0.0,0.02,0.0,0.01,,2,98,14,prostate_logreg,non-IID,PROSTATE,,,,,,,,
Client 6,5,0.0,0.0,0.0,0.01,,2,98,14,prostate_logreg,non-IID,PROSTATE,,,,,,,,
Client 7,5,0.0,0.07,0.0,0.01,,2,99,14,prostate_logreg,non-IID,PROSTATE,,,,,,,,
Client 8,5,0.0,0.0,0.0,0.01,,2,101,14,prostate_logreg,non-IID,PROSTATE,,,,,,,,
Client 9,5,0.0,0.0,0.0,0.01,,2,101,14,prostate_logreg,non-IID,PROSTATE,,,,,,,,
Client 10,5,0.0,0.0,0.0,0.01,,2,99,14,prostate_logreg,non-IID,PROSTATE,,,,,,,,
Client 11,5,0.0,0.22,0.0,0.01,,2,104,14,prostate_logreg,non-IID,PROSTATE,,,,,,,,
Client 12,5,0.0,0.01,0.0,0.01,,2,102,14,prostate_logreg,non-IID,PROSTATE,,,,,,,,
Client 13,5,0.0,0.08,0.0,0.01,,2,101,14,prostate_logreg,non-IID,PROSTATE,,,,,,,,
Client 14,5,0.0,0.02,0.0,0.02,,2,98,14,prostate_logreg,non-IID,PROSTATE,,,,,,,,
Client 15,5,0.0,0.07,0.0,0.01,,2,104,14,prostate_logreg,non-IID,PROSTATE,,,,,,,,
Client 16,5,0.0,0.06,0.0,0.01,,2,101,14,prostate_logreg,non-IID,PROSTATE,,,,,,,,
Client 17,5,0.0,0.01,0.0,0.01,,2,100,14,prostate_logreg,non-IID,PROSTATE,,,,,,,,
Client 18,5,0.0,0.07,0.0,0.01,,2,97,14,prostate_logreg,non-IID,PROSTATE,,,,,,,,
Client 19,5,0.0,0.05,0.0,0.01,,2,99,14,prostate_logreg,non-IID,PROSTATE,,,,,,,,
Client 20,5,0.0,0.04,0.0,0.01,,2,100,14,prostate_logreg,non-IID,PROSTATE,,,,,,,,
Client 21,5,0.0,0.0,0.0,0.01,,2,101,14,prostate_logreg,non-IID,PROSTATE,,,,,,,,
Client 22,5,0.0,0.0,0.0,0.01,,2,98,14,prostate_logreg,non-IID,PROSTATE,,,,,,,,
Client 23,5,0.0,0.01,0.0,0.01,,2,95,14,prostate_logreg,non-IID,PROSTATE,,,,,,,,
Client 24,5,0.0,0.05,0.0,0.01,,2,104,14,prostate_logreg,non-IID,PROSTATE,,,,,,,,
Client 25,5,0.0,0.08,0.0,0.01,,2,99,14,prostate_logreg,non-IID,PROSTATE,,,,,,,,
Client 26,5,0.0,0.19,0.0,0.01,,1,63,14,prostate_logreg,non-IID,PROSTATE,,,,,,,,
Client 27,5,0.0,0.06,0.0,0.07,,1,55,14,prostate_logreg,non-IID,PROSTATE,,,,,,,,
Client 28,5,0.0,0.01,0.0,0.01,,1,59,14,prostate_logreg,non-IID,PROSTATE,,,,,,,,
Client 29,5,0.0,0.01,0.0,0.06,,1,53,14,prostate_logreg,non-IID,PROSTATE,,,,,,,,
Client 30,5,0.0,0.08,0.0,0.01,,1,61,14,prostate_logreg,non-IID,PROSTATE,,,,,,,,
Client 31,5,0.0,0.11,0.0,0.06,,1,55,14,prostate_logreg,non-IID,PROSTATE,,,,,,,,
Client 32,5,0.0,0.05,0.0,0.01,,1,62,14,prostate_logreg,non-IID,PROSTATE,,,,,,,,
Client 33,5,0.0,0.0,0.0,0.06,,1,56,14,prostate_logreg,non-IID,PROSTATE,,,,,,,,
Client 34,5,0.0,0.01,0.0,0.06,,1,62,14,prostate_logreg,non-IID,PROSTATE,,,,,,,,
Client 35,5,0.0,0.05,0.0,0.06,,1,60,14,prostate_logreg,non-IID,PROSTATE,,,,,,,,
Client 36,5,0.0,0.03,0.0,0.01,,1,54,14,prostate_logreg,non-IID,PROSTATE,,,,,,,,
Client 37,5,0.0,0.0,0.0,0.06,,1,56,14,prostate_logreg,non-IID,PROSTATE,,,,,,,,
Client 38,5,0.0,0.24,0.0,0.06,,1,49,14,prostate_logreg,non-IID,PROSTATE,,,,,,,,
Client 39,5,0.0,0.04,0.0,0.06,,1,60,14,prostate_logreg,non-IID,PROSTATE,,,,,,,,
Client 40,5,0.0,0.01,0.0,0.01,0.52,1,59,14,prostate_logreg,non-IID,PROSTATE,0.56,0.7563,0.665,0.2437,0.6,0.7281,0.6842,0.2719
Client 1,6,0.0,0.01,0.0,0.02,,2,103,14,prostate_logreg,non-IID,PROSTATE,,,,,,,,
Client 2,6,0.0,0.1,0.0,0.01,,2,104,14,prostate_logreg,non-IID,PROSTATE,,,,,,,,
Client 3,6,0.0,0.08,0.0,0.01,,2,95,14,prostate_logreg,non-IID,PROSTATE,,,,,,,,
Client 4,6,0.0,0.01,0.0,0.01,,2,102,14,prostate_logreg,non-IID,PROSTATE,,,,,,,,
Client 5,6,0.0,0.03,0.0,0.01,,2,100,14,prostate_logreg,non-IID,PROSTATE,,,,,,,,
Client 6,6,0.0,0.0,0.0,0.01,,2,99,14,prostate_logreg,non-IID,PROSTATE,,,,,,,,
Client 7,6,0.0,0.01,0.0,0.01,,2,98,14,prostate_logreg,non-IID,PROSTATE,,,,,,,,
Client 8,6,0.0,0.02,0.0,0.01,,2,97,14,prostate_logreg,non-IID,PROSTATE,,,,,,,,
Client 9,6,0.0,0.01,0.0,0.01,,2,101,14,prostate_logreg,non-IID,PROSTATE,,,,,,,,
Client 10,6,0.0,0.01,0.0,0.01,,2,104,14,prostate_logreg,non-IID,PROSTATE,,,,,,,,
Client 11,6,0.0,0.23,0.0,0.01,,2,101,14,prostate_logreg,non-IID,PROSTATE,,,,,,,,
Client 12,6,0.0,0.01,0.0,0.01,,2,103,14,prostate_logreg,non-IID,PROSTATE,,,,,,,,
Client 13,6,0.0,0.02,0.0,0.01,,2,97,14,prostate_logreg,non-IID,PROSTATE,,,,,,,,
Client 14,6,0.0,0.01,0.0,0.01,,2,100,14,prostate_logreg,non-IID,PROSTATE,,,,,,,,
Client 15,6,0.0,0.07,0.0,0.01,,2,102,14,prostate_logreg,non-IID,PROSTATE,,,,,,,,
Client 16,6,0.0,0.04,0.0,0.01,,2,96,14,prostate_logreg,non-IID,PROSTATE,,,,,,,,
Client 17,6,0.0,0.06,0.0,0.01,,2,101,14,prostate_logreg,non-IID,PROSTATE,,,,,,,,
Client 18,6,0.0,0.04,0.0,0.01,,2,100,14,prostate_logreg,non-IID,PROSTATE,,,,,,,,
Client 19,6,0.0,0.05,0.0,0.01,,2,100,14,prostate_logreg,non-IID,PROSTATE,,,,,,,,
Client 20,6,0.0,0.02,0.0,0.01,,2,98,14,prostate_logreg,non-IID,PROSTATE,,,,,,,,
Client 21,6,0.0,0.01,0.0,0.01,,2,99,14,prostate_logreg,non-IID,PROSTATE,,,,,,,,
Client 22,6,0.0,0.05,0.0,0.01,,2,101,14,prostate_logreg,non-IID,PROSTATE,,,,,,,,
Client 23,6,0.0,0.03,0.0,0.01,,2,100,14,prostate_logreg,non-IID,PROSTATE,,,,,,,,
Client 24,6,0.0,0.05,0.0,0.01,,2,99,14,prostate_logreg,non-IID,PROSTATE,,,,,,,,
Client 25,6,0.0,0.05,0.0,0.01,,2,105,14,prostate_logreg,non-IID,PROSTATE,,,,,,,,
Client 26,6,0.0,0.21,0.0,0.06,,1,54,14,prostate_logreg,non-IID,PROSTATE,,,,,,,,
Client 27,6,0.0,0.06,0.0,0.01,,1,65,14,prostate_logreg,non-IID,PROSTATE,,,,,,,,
Client 28,6,0.0,0.02,0.0,0.01,,1,59,14,prostate_logreg,non-IID,PROSTATE,,,,,,,,
Client 29,6,0.0,0.0,0.0,0.06,,1,51,14,prostate_logreg,non-IID,PROSTATE,,,,,,,,
Client 30,6,0.0,0.02,0.0,0.06,,1,57,14,prostate_logreg,non-IID,PROSTATE,,,,,,,,
Client 31,6,0.0,0.13,0.0,0.01,,1,55,14,prostate_logreg,non-IID,PROSTATE,,,,,,,,
Client 32,6,0.0,0.03,0.0,0.01,,1,63,14,prostate_logreg,non-IID,PROSTATE,,,,,,,,
Client 33,6,0.0,0.0,0.0,0.01,,1,69,14,prostate_logreg,non-IID,PROSTATE,,,,,,,,
Client 34,6,0.0,0.01,0.0,0.06,,1,51,14,prostate_logreg,non-IID,PROSTATE,,,,,,,,
Client 35,6,0.0,0.0,0.0,0.01,,1,58,14,prostate_logreg,non-IID,PROSTATE,,,,,,,,
Client 36,6,0.0,0.02,0.0,0.06,,1,58,14,prostate_logreg,non-IID,PROSTATE,,,,,,,,
Client 37,6,0.0,0.0,0.0,0.01,,1,60,14,prostate_logreg,non-IID,PROSTATE,,,,,,,,
Client 38,6,0.0,0.25,0.0,0.01,,1,60,14,prostate_logreg,non-IID,PROSTATE,,,,,,,,
Client 39,6,0.0,0.03,0.0,0.01,,1,76,14,prostate_logreg,non-IID,PROSTATE,,,,,,,,
Client 40,6,0.0,0.03,0.0,0.06,0.37,1,53,14,prostate_logreg,non-IID,PROSTATE,0.55,0.7653,0.6873,0.2347,0.59,0.7342,0.6949,0.2658
Client 1,7,0.0,0.01,0.0,0.01,,2,98,14,prostate_logreg,non-IID,PROSTATE,,,,,,,,
Client 2,7,0.0,0.09,0.0,0.01,,2,97,14,prostate_logreg,non-IID,PROSTATE,,,,,,,,
Client 3,7,0.0,0.08,0.0,0.01,,2,98,14,prostate_logreg,non-IID,PROSTATE,,,,,,,,
Client 4,7,0.0,0.04,0.0,0.01,,2,105,14,prostate_logreg,non-IID,PROSTATE,,,,,,,,
Client 5,7,0.0,0.01,0.0,0.01,,2,103,14,prostate_logreg,non-IID,PROSTATE,,,,,,,,
Client 6,7,0.0,0.0,0.0,0.01,,2,103,14,prostate_logreg,non-IID,PROSTATE,,,,,,,,
Client 7,7,0.0,0.0,0.0,0.01,,2,103,14,prostate_logreg,non-IID,PROSTATE,,,,,,,,
Client 8,7,0.0,0.04,0.0,0.01,,2,105,14,prostate_logreg,non-IID,PROSTATE,,,,,,,,
Client 9,7,0.0,0.1,0.0,0.01,,2,103,14,prostate_logreg,non-IID,PROSTATE,,,,,,,,
Client 10,7,0.0,0.0,0.0,0.01,,2,103,14,prostate_logreg,non-IID,PROSTATE,,,,,,,,
Client 11,7,0.0,0.24,0.0,0.01,,2,103,14,prostate_logreg,non-IID,PROSTATE,,,,,,,,
Client 12,7,0.0,0.02,0.0,0.01,,2,108,14,prostate_logreg,non-IID,PROSTATE,,,,,,,,
Client 13,7,0.0,0.02,0.0,0.01,,2,101,14,prostate_logreg,non-IID,PROSTATE,,,,,,,,
Client 14,7,0.0,0.0,0.0,0.01,,2,101,14,prostate_logreg,non-IID,PROSTATE,,,,,,,,
Client 15,7,0.0,0.11,0.0,0.01,,2,98,14,prostate_logreg,non-IID,PROSTATE,,,,,,,,
Client 16,7,0.0,0.0,0.0,0.01,,2,99,14,prostate_logreg,non-IID,PROSTATE,,,,,,,,
Client 17,7,0.0,0.07,0.0,0.01,,2,106,14,prostate_logreg,non-IID,PROSTATE,,,,,,,,
Client 18,7,0.0,0.04,0.0,0.01,,2,102,14,prostate_logreg,non-IID,PROSTATE,,,,,,,,
Client 19,7,0.0,0.05,0.0,0.01,,2,102,14,prostate_logreg,non-IID,PROSTATE,,,,,,,,
Client 20,7,0.0,0.02,0.0,0.01,,2,102,14,prostate_logreg,non-IID,PROSTATE,,,,,,,,
Client 21,7,0.0,0.01,0.0,0.01,,2,103,14,prostate_logreg,non-IID,PROSTATE,,,,,,,,
Client 22,7,0.0,0.02,0.0,0.01,,2,97,14,prostate_logreg,non-IID,PROSTATE,,,,,,,,
Client 23,7,0.0,0.01,0.0,0.01,,2,103,14,prostate_logreg,non-IID,PROSTATE,,,,,,,,
Client 24,7,0.0,0.04,0.0,0.01,,2,99,14,prostate_logreg,non-IID,PROSTATE,,,,,,,,
Client 25,7,0.0,0.06,0.0,0.01,,2,101,14,prostate_logreg,non-IID,PROSTATE,,,,,,,,
Client 26,7,0.0,0.21,0.0,0.01,,1,57,14,prostate_logreg,non-IID,PROSTATE,,,,,,,,
Client 27,7,0.0,0.04,0.0,0.01,,1,59,14,prostate_logreg,non-IID,PROSTATE,,,,,,,,
Client 28,7,0.0,0.02,0.0,0.01,,1,54,14,prostate_logreg,non-IID,PROSTATE,,,,,,,,
Client 29,7,0.0,0.08,0.0,0.01,,1,63,14,prostate_logreg,non-IID,PROSTATE,,,,,,,,
Client 30,7,0.0,0.01,0.0,0.06,,1,54,14,prostate_logreg,non-IID,PROSTATE,,,,,,,,
Client 31,7,0.0,0.14,0.0,0.01,,1,58,14,prostate_logreg,non-IID,PROSTATE,,,,,,,,
Client 32,7,0.0,0.06,0.0,0.01,,1,56,14,prostate_logreg,non-IID,PROSTATE,,,,,,,,
Client 33,7,0.0,0.0,0.0,0.06,,1,54,14,prostate_logreg,non-IID,PROSTATE,,,,,,,,
Client 34,7,0.0,0.01,0.0,0.06,,1,57,14,prostate_logreg,non-IID,PROSTATE,,,,,,,,
Client 35,7,0.0,0.03,0.0,0.01,,1,61,14,prostate_logreg,non-IID,PROSTATE,,,,,,,,
Client 36,7,0.0,0.06,0.0,0.01,,1,61,14,prostate_logreg,non-IID,PROSTATE,,,,,,,,
Client 37,7,0.0,0.0,0.0,0.01,,1,62,14,prostate_logreg,non-IID,PROSTATE,,,,,,,,
Client 38,7,0.0,0.21,0.0,0.01,,1,59,14,prostate_logreg,non-IID,PROSTATE,,,,,,,,
Client 39,7,0.0,0.09,0.0,0.06,,1,60,14,prostate_logreg,non-IID,PROSTATE,,,,,,,,
Client 40,7,0.0,0.04,0.0,0.06,0.51,1,49,14,prostate_logreg,non-IID,PROSTATE,0.54,0.7781,0.6955,0.2219,0.58,0.7387,0.7044,0.2613
Client 1,8,0.0,0.01,0.0,0.01,,2,99,14,prostate_logreg,non-IID,PROSTATE,,,,,,,,
Client 2,8,0.0,0.09,0.0,0.01,,2,101,14,prostate_logreg,non-IID,PROSTATE,,,,,,,,
Client 3,8,0.0,0.0,0.0,0.01,,2,101,14,prostate_logreg,non-IID,PROSTATE,,,,,,,,
Client 4,8,0.0,0.06,0.0,0.01,,2,97,14,prostate_logreg,non-IID,PROSTATE,,,,,,,,
Client 5,8,0.0,0.04,0.0,0.01,,2,105,14,prostate_logreg,non-IID,PROSTATE,,,,,,,,
Client 6,8,0.0,0.0,0.0,0.01,,2,101,14,prostate_logreg,non-IID,PROSTATE,,,,,,,,
Client 7,8,0.0,0.02,0.0,0.01,,2,101,14,prostate_logreg,non-IID,PROSTATE,,,,,,,,
Client 8,8,0.0,0.04,0.0,0.01,,2,98,14,prostate_logreg,non-IID,PROSTATE,,,,,,,,
Client 9,8,0.0,0.11,0.0,0.02,,2,103,14,prostate_logreg,non-IID,PROSTATE,,,,,,,,
Client 10,8,0.0,0.0,0.0,0.01,,2,105,14,prostate_logreg,non-IID,PROSTATE,,,,,,,,
Client 11,8,0.0,0.25,0.0,0.01,,2,102,14,prostate_logreg,non-IID,PROSTATE,,,,,,,,
Client 12,8,0.0,0.04,0.0,0.01,,2,103,14,prostate_logreg,non-IID,PROSTATE,,,,,,,,
Client 13,8,0.0,0.01,0.0,0.01,,2,110,14,prostate_logreg,non-IID,PROSTATE,,,,,,,,
Client 14,8,0.0,0.0,0.0,0.01,,2,102,14,prostate_logreg,non-IID,PROSTATE,,,,,,,,
Client 15,8,0.0,0.1,0.0,0.01,,2,102,14,prostate_logreg,non-IID,PROSTATE,,,,,,,,
Client 16,8,0.0,0.0,0.0,0.01,,2,101,14,prostate_logreg,non-IID,PROSTATE,,,,,,,,
Client 17,8,0.0,0.08,0.0,0.01,,2,104,14,prostate_logreg,non-IID,PROSTATE,,,,,,,,
Client 18,8,0.0,0.0,0.0,0.01,,2,97,14,prostate_logreg,non-IID,PROSTATE,,,,,,,,
Client 19,8,0.0,0.03,0.0,0.01,,2,104,14,prostate_logreg,non-IID,PROSTATE,,,,,,,,
Client 20,8,0.0,0.01,0.0,0.01,,2,103,14,prostate_logreg,non-IID,PROSTATE,,,,,,,,
Client 21,8,0.0,0.0,0.0,0.01,,2,99,14,prostate_logreg,non-IID,PROSTATE,,,,,,,,
Client 22,8,0.0,0.05,0.0,0.01,,2,94,14,prostate_logreg,non-IID,PROSTATE,,,,,,,,
Client 23,8,0.0,0.01,0.0,0.01,,2,99,14,prostate_logreg,non-IID,PROSTATE,,,,,,,,
Client 24,8,0.0,0.04,0.0,0.01,,2,102,14,prostate_logreg,non-IID,PROSTATE,,,,,,,,
Client 25,8,0.0,0.13,0.0,0.01,,2,99,14,prostate_logreg,non-IID,PROSTATE,,,,,,,,
Client 26,8,0.0,0.17,0.0,0.01,,1,59,14,prostate_logreg,non-IID,PROSTATE,,,,,,,,
Client 27,8,0.0,0.04,0.0,0.01,,1,63,14,prostate_logreg,non-IID,PROSTATE,,,,,,,,
Client 28,8,0.0,0.0,0.0,0.01,,1,58,14,prostate_logreg,non-IID,PROSTATE,,,,,,,,
Client 29,8,0.0,0.07,0.0,0.06,,1,53,14,prostate_logreg,non-IID,PROSTATE,,,,,,,,
Client 30,8,0.0,0.0,0.0,0.01,,1,62,14,prostate_logreg,non-IID,PROSTATE,,,,,,,,
Client 31,8,0.0,0.13,0.0,0.06,,1,54,14,prostate_logreg,non-IID,PROSTATE,,,,,,,,
Client 32,8,0.0,0.05,0.0,0.01,,1,62,14,prostate_logreg,non-IID,PROSTATE,,,,,,,,
Client 33,8,0.0,0.0,0.0,0.06,,1,52,14,prostate_logreg,non-IID,PROSTATE,,,,,,,,
Client 34,8,0.0,0.0,0.0,0.06,,1,51,14,prostate_logreg,non-IID,PROSTATE,,,,,,,,
Client 35,8,0.0,0.03,0.0,0.01,,1,77,14,prostate_logreg,non-IID,PROSTATE,,,,,,,,
Client 36,8,0.0,0.01,0.0,0.06,,1,55,14,prostate_logreg,non-IID,PROSTATE,,,,,,,,
Client 37,8,0.0,0.0,0.0,0.01,,1,63,14,prostate_logreg,non-IID,PROSTATE,,,,,,,,
Client 38,8,0.0,0.22,0.0,0.06,,1,57,14,prostate_logreg,non-IID,PROSTATE,,,,,,,,
Client 39,8,0.0,0.09,0.0,0.06,,1,61,14,prostate_logreg,non-IID,PROSTATE,,,,,,,,
Client 40,8,0.0,0.03,0.0,0.06,0.50,1,55,14,prostate_logreg,non-IID,PROSTATE,0.53,0.7838,0.7057,0.2162,0.57,0.7417,0.7106,0.2583
Client 1,9,0.0,0.0,0.0,0.01,,2,96,14,prostate_logreg,non-IID,PROSTATE,,,,,,,,
Client 2,9,0.0,0.1,0.0,0.01,,2,104,14,prostate_logreg,non-IID,PROSTATE,,,,,,,,
Client 3,9,0.0,0.01,0.0,0.01,,2,98,14,prostate_logreg,non-IID,PROSTATE,,,,,,,,
Client 4,9,0.0,0.04,0.0,0.01,,2,97,14,prostate_logreg,non-IID,PROSTATE,,,,,,,,
Client 5,9,0.0,0.03,0.0,0.01,,2,101,14,prostate_logreg,non-IID,PROSTATE,,,,,,,,
Client 6,9,0.0,0.0,0.0,0.02,,2,100,14,prostate_logreg,non-IID,PROSTATE,,,,,,,,
Client 7,9,0.0,0.03,0.0,0.01,,2,97,14,prostate_logreg,non-IID,PROSTATE,,,,,,,,
Client 8,9,0.0,0.02,0.0,0.01,,2,97,14,prostate_logreg,non-IID,PROSTATE,,,,,,,,
Client 9,9,0.0,0.03,0.0,0.01,,2,100,14,prostate_logreg,non-IID,PROSTATE,,,,,,,,
Client 10,9,0.0,0.0,0.0,0.01,,2,101,14,prostate_logreg,non-IID,PROSTATE,,,,,,,,
Client 11,9,0.0,0.07,0.0,0.01,,2,97,14,prostate_logreg,non-IID,PROSTATE,,,,,,,,
Client 12,9,0.0,0.04,0.0,0.01,,2,100,14,prostate_logreg,non-IID,PROSTATE,,,,,,,,
Client 13,9,0.0,0.01,0.0,0.01,,2,96,14,prostate_logreg,non-IID,PROSTATE,,,,,,,,
Client 14,9,0.0,0.0,0.0,0.01,,2,108,14,prostate_logreg,non-IID,PROSTATE,,,,,,,,
Client 15,9,0.0,0.12,0.0,0.01,,2,95,14,prostate_logreg,non-IID,PROSTATE,,,,,,,,
Client 16,9,0.0,0.0,0.0,0.01,,2,99,14,prostate_logreg,non-IID,PROSTATE,,,,,,,,
Client 17,9,0.0,0.07,0.0,0.01,,2,102,14,prostate_logreg,non-IID,PROSTATE,,,,,,,,
Client 18,9,0.0,0.01,0.0,0.01,,2,102,14,prostate_logreg,non-IID,PROSTATE,,,,,,,,
Client 19,9,0.0,0.02,0.0,0.01,,2,102,14,prostate_logreg,non-IID,PROSTATE,,,,,,,,
Client 20,9,0.0,0.0,0.0,0.01,,2,96,14,prostate_logreg,non-IID,PROSTATE,,,,,,,,
Client 21,9,0.0,0.0,0.0,0.01,,2,96,14,prostate_logreg,non-IID,PROSTATE,,,,,,,,
Client 22,9,0.0,0.05,0.0,0.01,,2,101,14,prostate_logreg,non-IID,PROSTATE,,,,,,,,
Client 23,9,0.0,0.02,0.0,0.01,,2,97,14,prostate_logreg,non-IID,PROSTATE,,,,,,,,
Client 24,9,0.0,0.03,0.0,0.01,,2,98,14,prostate_logreg,non-IID,PROSTATE,,,,,,,,
Client 25,9,0.0,0.14,0.0,0.01,,2,100,14,prostate_logreg,non-IID,PROSTATE,,,,,,,,
Client 26,9,0.0,0.18,0.0,0.01,,1,59,14,prostate_logreg,non-IID,PROSTATE,,,,,,,,
Client 27,9,0.0,0.03,0.0,0.06,,1,60,14,prostate_logreg,non-IID,PROSTATE,,,,,,,,
Client 28,9,0.0,0.0,0.0,0.01,,1,60,14,prostate_logreg,non-IID,PROSTATE,,,,,,,,
Client 29,9,0.0,0.04,0.0,0.01,,1,63,14,prostate_logreg,non-IID,PROSTATE,,,,,,,,
Client 30,9,0.0,0.0,0.0,0.01,,1,64,14,prostate_logreg,non-IID,PROSTATE,,,,,,,,
Client 31,9,0.0,0.04,0.0,0.01,,1,54,14,prostate_logreg,non-IID,PROSTATE,,,,,,,,
Client 32,9,0.0,0.04,0.0,0.01,,1,55,14,prostate_logreg,non-IID,PROSTATE,,,,,,,,
Client 33,9,0.0,0.0,0.0,0.01,,1,66,14,prostate_logreg,non-IID,PROSTATE,,,,,,,,
Client 34,9,0.0,0.01,0.0,0.02,,1,61,14,prostate_logreg,non-IID,PROSTATE,,,,,,,,
Client 35,9,0.0,0.03,0.0,0.06,,1,53,14,prostate_logreg,non-IID,PROSTATE,,,,,,,,
Client 36,9,0.0,0.01,0.0,0.01,,1,54,14,prostate_logreg,non-IID,PROSTATE,,,,,,,,
Client 37,9,0.0,0.0,0.0,0.01,,1,62,14,prostate_logreg,non-IID,PROSTATE,,,,,,,,
Client 38,9,0.0,0.21,0.0,0.06,,1,58,14,prostate_logreg,non-IID,PROSTATE,,,,,,,,
Client 39,9,0.0,0.1,0.0,0.01,,1,63,14,prostate_logreg,non-IID,PROSTATE,,,,,,,,
Client 40,9,0.0,0.04,0.0,0.06,0.53,1,54,14,prostate_logreg,non-IID,PROSTATE,0.52,0.7842,0.7324,0.2158,0.56,0.7433,0.7151,0.2567
Client 1,10,0.0,0.0,0.0,0.01,,2,100,14,prostate_logreg,non-IID,PROSTATE,,,,,,,,
Client 2,10,0.0,0.13,0.0,0.01,,2,100,14,prostate_logreg,non-IID,PROSTATE,,,,,,,,
Client 3,10,0.0,0.01,0.0,0.01,,2,99,14,prostate_logreg,non-IID,PROSTATE,,,,,,,,
Client 4,10,0.0,0.05,0.0,0.01,,2,100,14,prostate_logreg,non-IID,PROSTATE,,,,,,,,
Client 5,10,0.0,0.03,0.0,0.01,,2,96,14,prostate_logreg,non-IID,PROSTATE,,,,,,,,
Client 6,10,0.0,0.0,0.0,0.01,,2,102,14,prostate_logreg,non-IID,PROSTATE,,,,,,,,
Client 7,10,0.0,0.03,0.0,0.01,,2,101,14,prostate_logreg,non-IID,PROSTATE,,,,,,,,
Client 8,10,0.0,0.05,0.0,0.01,,2,102,14,prostate_logreg,non-IID,PROSTATE,,,,,,,,
Client 9,10,0.0,0.01,0.0,0.01,,2,102,14,prostate_logreg,non-IID,PROSTATE,,,,,,,,
Client 10,10,0.0,0.01,0.0,0.01,,2,97,14,prostate_logreg,non-IID,PROSTATE,,,,,,,,
Client 11,10,0.0,0.07,0.0,0.01,,2,100,14,prostate_logreg,non-IID,PROSTATE,,,,,,,,
Client 12,10,0.0,0.05,0.0,0.01,,2,97,14,prostate_logreg,non-IID,PROSTATE,,,,,,,,
Client 13,10,0.0,0.0,0.0,0.01,,2,99,14,prostate_logreg,non-IID,PROSTATE,,,,,,,,
Client 14,10,0.0,0.0,0.0,0.01,,2,101,14,prostate_logreg,non-IID,PROSTATE,,,,,,,,
Client 15,10,0.0,0.11,0.0,0.01,,2,98,14,prostate_logreg,non-IID,PROSTATE,,,,,,,,
Client 16,10,0.0,0.0,0.0,0.01,,2,99,14,prostate_logreg,non-IID,PROSTATE,,,,,,,,
Client 17,10,0.0,0.08,0.0,0.01,,2,101,14,prostate_logreg,non-IID,PROSTATE,,,,,,,,
Client 18,10,0.0,0.0,0.0,0.01,,2,99,14,prostate_logreg,non-IID,PROSTATE,,,,,,,,
Client 19,10,0.0,0.0,0.0,0.01,,2,100,14,prostate_logreg,non-IID,PROSTATE,,,,,,,,
Client 20,10,0.0,0.01,0.0,0.01,,2,99,14,prostate_logreg,non-IID,PROSTATE,,,,,,,,
Client 21,10,0.0,0.0,0.0,0.02,,2,99,14,prostate_logreg,non-IID,PROSTATE,,,,,,,,
Client 22,10,0.0,0.04,0.0,0.01,,2,102,14,prostate_logreg,non-IID,PROSTATE,,,,,,,,
Client 23,10,0.0,0.01,0.0,0.01,,2,100,14,prostate_logreg,non-IID,PROSTATE,,,,,,,,
Client 24,10,0.0,0.03,0.0,0.01,,2,107,14,prostate_logreg,non-IID,PROSTATE,,,,,,,,
Client 25,10,0.0,0.13,0.0,0.01,,2,112,14,prostate_logreg,non-IID,PROSTATE,,,,,,,,
Client 26,10,0.0,0.19,0.0,0.01,,1,56,14,prostate_logreg,non-IID,PROSTATE,,,,,,,,
Client 27,10,0.0,0.06,0.0,0.01,,1,59,14,prostate_logreg,non-IID,PROSTATE,,,,,,,,
Client 28,10,0.0,0.0,0.0,0.01,,1,61,14,prostate_logreg,non-IID,PROSTATE,,,,,,,,
Client 29,10,0.0,0.0,0.0,0.01,,1,62,14,prostate_logreg,non-IID,PROSTATE,,,,,,,,
Client 30,10,0.0,0.0,0.0,0.06,,1,50,14,prostate_logreg,non-IID,PROSTATE,,,,,,,,
Client 31,10,0.0,0.04,0.0,0.01,,1,57,14,prostate_logreg,non-IID,PROSTATE,,,,,,,,
Client 32,10,0.0,0.0,0.0,0.01,,1,64,14,prostate_logreg,non-IID,PROSTATE,,,,,,,,
Client 33,10,0.0,0.0,0.0,0.01,,1,62,14,prostate_logreg,non-IID,PROSTATE,,,,,,,,
Client 34,10,0.0,0.0,0.0,0.01,,1,65,14,prostate_logreg,non-IID,PROSTATE,,,,,,,,
Client 35,10,0.0,0.0,0.0,0.06,,1,58,14,prostate_logreg,non-IID,PROSTATE,,,,,,,,
Client 36,10,0.0,0.01,0.0,0.01,,1,65,14,prostate_logreg,non-IID,PROSTATE,,,,,,,,
Client 37,10,0.0,0.02,0.0,0.01,,1,57,14,prostate_logreg,non-IID,PROSTATE,,,,,,,,
Client 38,10,0.0,0.21,0.0,0.01,,1,62,14,prostate_logreg,non-IID,PROSTATE,,,,,,,,
Client 39,10,0.0,0.13,0.0,0.01,,1,57,14,prostate_logreg,non-IID,PROSTATE,,,,,,,,
Client 40,10,0.0,0.05,0.0,0.06,0.47,1,55,14,prostate_logreg,non-IID,PROSTATE,0.52,0.7826,0.7359,0.2174,0.56,0.744,0.7168,0.256
Client 1,11,0.0,0.0,0.0,0.01,,2,97,14,prostate_logreg,non-IID,PROSTATE,,,,,,,,
Client 2,11,0.0,0.14,0.0,0.02,,2,100,14,prostate_logreg,non-IID,PROSTATE,,,,,,,,
Client 3,11,0.0,0.01,0.0,0.01,,2,103,14,prostate_logreg,non-IID,PROSTATE,,,,,,,,
Client 4,11,0.0,0.05,0.0,0.01,,2,100,14,prostate_logreg,non-IID,PROSTATE,,,,,,,,
Client 5,11,0.0,0.04,0.0,0.02,,2,99,14,prostate_logreg,non-IID,PROSTATE,,,,,,,,
Client 6,11,0.0,0.01,0.0,0.01,,2,101,14,prostate_logreg,non-IID,PROSTATE,,,,,,,,
Client 7,11,0.0,0.0,0.0,0.01,,2,98,14,prostate_logreg,non-IID,PROSTATE,,,,,,,,
Client 8,11,0.0,0.05,0.0,0.01,,2,97,14,prostate_logreg,non-IID,PROSTATE,,,,,,,,
Client 9,11,0.0,0.01,0.0,0.02,,2,102,14,prostate_logreg,non-IID,PROSTATE,,,,,,,,
Client 10,11,0.0,0.0,0.0,0.01,,2,96,14,prostate_logreg,non-IID,PROSTATE,,,,,,,,
Client 11,11,0.0,0.06,0.0,0.01,,2,97,14,prostate_logreg,non-IID,PROSTATE,,,,,,,,
Client 12,11,0.0,0.07,0.0,0.02,,2,98,14,prostate_logreg,non-IID,PROSTATE,,,,,,,,
Client 13,11,0.0,0.01,0.0,0.01,,2,95,14,prostate_logreg,non-IID,PROSTATE,,,,,,,,
Client 14,11,0.0,0.0,0.0,0.01,,2,104,14,prostate_logreg,non-IID,PROSTATE,,,,,,,,
Client 15,11,0.0,0.12,0.0,0.01,,2,96,14,prostate_logreg,non-IID,PROSTATE,,,,,,,,
Client 16,11,0.0,0.0,0.0,0.01,,2,98,14,prostate_logreg,non-IID,PROSTATE,,,,,,,,
Client 17,11,0.0,0.03,0.0,0.01,,2,97,14,prostate_logreg,non-IID,PROSTATE,,,,,,,,
Client 18,11,0.0,0.0,0.0,0.01,,2,96,14,prostate_logreg,non-IID,PROSTATE,,,,,,,,
Client 19,11,0.0,0.0,0.0,0.01,,2,98,14,prostate_logreg,non-IID,PROSTATE,,,,,,,,
Client 20,11,0.0,0.03,0.0,0.01,,2,103,14,prostate_logreg,non-IID,PROSTATE,,,,,,,,
Client 21,11,0.0,0.0,0.0,0.01,,2,105,14,prostate_logreg,non-IID,PROSTATE,,,,,,,,
Client 22,11,0.0,0.04,0.0,0.01,,2,103,14,prostate_logreg,non-IID,PROSTATE,,,,,,,,
Client 23,11,0.0,0.01,0.0,0.01,,2,97,14,prostate_logreg,non-IID,PROSTATE,,,,,,,,
Client 24,11,0.0,0.03,0.0,0.01,,2,96,14,prostate_logreg,non-IID,PROSTATE,,,,,,,,
Client 25,11,0.0,0.14,0.0,0.01,,2,100,14,prostate_logreg,non-IID,PROSTATE,,,,,,,,
Client 26,11,0.0,0.2,0.0,0.06,,1,53,14,prostate_logreg,non-IID,PROSTATE,,,,,,,,
Client 27,11,0.0,0.05,0.0,0.01,,1,59,14,prostate_logreg,non-IID,PROSTATE,,,,,,,,
Client 28,11,0.0,0.0,0.0,0.01,,1,61,14,prostate_logreg,non-IID,PROSTATE,,,,,,,,
Client 29,11,0.0,0.0,0.0,0.07,,1,56,14,prostate_logreg,non-IID,PROSTATE,,,,,,,,
Client 30,11,0.0,0.0,0.0,0.06,,1,55,14,prostate_logreg,non-IID,PROSTATE,,,,,,,,
Client 31,11,0.0,0.03,0.0,0.01,,1,66,14,prostate_logreg,non-IID,PROSTATE,,,,,,,,
Client 32,11,0.0,0.0,0.0,0.01,,1,55,14,prostate_logreg,non-IID,PROSTATE,,,,,,,,
Client 33,11,0.0,0.01,0.0,0.01,,1,72,14,prostate_logreg,non-IID,PROSTATE,,,,,,,,
Client 34,11,0.0,0.0,0.0,0.01,,1,54,14,prostate_logreg,non-IID,PROSTATE,,,,,,,,
Client 35,11,0.0,0.0,0.0,0.01,,1,62,14,prostate_logreg,non-IID,PROSTATE,,,,,,,,
Client 36,11,0.0,0.01,0.0,0.01,,1,50,14,prostate_logreg,non-IID,PROSTATE,,,,,,,,
Client 37,11,0.0,0.02,0.0,0.01,,1,61,14,prostate_logreg,non-IID,PROSTATE,,,,,,,,
Client 38,11,0.0,0.2,0.0,0.01,,1,60,14,prostate_logreg,non-IID,PROSTATE,,,,,,,,
Client 39,11,0.0,0.11,0.0,0.06,,1,57,14,prostate_logreg,non-IID,PROSTATE,,,,,,,,
Client 40,11,0.0,0.05,0.0,0.01,0.53,1,60,14,prostate_logreg,non-IID,PROSTATE,0.51,0.7812,0.7354,0.2188,0.55,0.7444,0.7173,0.2556
Client 1,12,0.0,0.0,0.0,0.01,,2,96,14,prostate_logreg,non-IID,PROSTATE,,,,,,,,
Client 2,12,0.0,0.15,0.0,0.01,,2,98,14,prostate_logreg,non-IID,PROSTATE,,,,,,,,
Client 3,12,0.0,0.01,0.0,0.01,,2,104,14,prostate_logreg,non-IID,PROSTATE,,,,,,,,
Client 4,12,0.0,0.04,0.0,0.01,,2,101,14,prostate_logreg,non-IID,PROSTATE,,,,,,,,
Client 5,12,0.0,0.02,0.0,0.01,,2,102,14,prostate_logreg,non-IID,PROSTATE,,,,,,,,
Client 6,12,0.0,0.01,0.0,0.02,,2,101,14,prostate_logreg,non-IID,PROSTATE,,,,,,,,
Client 7,12,0.0,0.0,0.0,0.01,,2,98,14,prostate_logreg,non-IID,PROSTATE,,,,,,,,
Client 8,12,0.0,0.05,0.0,0.01,,2,95,14,prostate_logreg,non-IID,PROSTATE,,,,,,,,
Client 9,12,0.0,0.0,0.0,0.01,,2,97,14,prostate_logreg,non-IID,PROSTATE,,,,,,,,
Client 10,12,0.0,0.0,0.0,0.01,,2,101,14,prostate_logreg,non-IID,PROSTATE,,,,,,,,
Client 11,12,0.0,0.06,0.0,0.01,,2,99,14,prostate_logreg,non-IID,PROSTATE,,,,,,,,
Client 12,12,0.0,0.07,0.0,0.01,,2,99,14,prostate_logreg,non-IID,PROSTATE,,,,,,,,
Client 13,12,0.0,0.01,0.0,0.01,,2,101,14,prostate_logreg,non-IID,PROSTATE,,,,,,,,
Client 14,12,0.0,0.0,0.0,0.01,,2,99,14,prostate_logreg,non-IID,PROSTATE,,,,,,,,
Client 15,12,0.0,0.1,0.0,0.01,,2,99,14,prostate_logreg,non-IID,PROSTATE,,,,,,,,
Client 16,12,0.0,0.0,0.0,0.01,,2,98,14,prostate_logreg,non-IID,PROSTATE,,,,,,,,
Client 17,12,0.0,0.02,0.0,0.01,,2,99,14,prostate_logreg,non-IID,PROSTATE,,,,,,,,
Client 18,12,0.0,0.0,0.0,0.01,,2,103,14,prostate_logreg,non-IID,PROSTATE,,,,,,,,
Client 19,12,0.0,0.01,0.0,0.01,,2,101,14,prostate_logreg,non-IID,PROSTATE,,,,,,,,
Client 20,12,0.0,0.01,0.0,0.01,,2,105,14,prostate_logreg,non-IID,PROSTATE,,,,,,,,
Client 21,12,0.0,0.0,0.0,0.01,,2,102,14,prostate_logreg,non-IID,PROSTATE,,,,,,,,
Client 22,12,0.0,0.04,0.0,0.01,,2,98,14,prostate_logreg,non-IID,PROSTATE,,,,,,,,
Client 23,12,0.0,0.0,0.0,0.01,,2,100,14,prostate_logreg,non-IID,PROSTATE,,,,,,,,
Client 24,12,0.0,0.04,0.0,0.01,,2,103,14,prostate_logreg,non-IID,PROSTATE,,,,,,,,
Client 25,12,0.0,0.14,0.0,0.01,,2,97,14,prostate_logreg,non-IID,PROSTATE,,,,,,,,
Client 26,12,0.0,0.16,0.0,0.01,,1,58,14,prostate_logreg,non-IID,PROSTATE,,,,,,,,
Client 27,12,0.0,0.04,0.0,0.01,,1,72,14,prostate_logreg,non-IID,PROSTATE,,,,,,,,
Client 28,12,0.0,0.0,0.0,0.06,,1,55,14,prostate_logreg,non-IID,PROSTATE,,,,,,,,
Client 29,12,0.0,0.01,0.0,0.07,,1,55,14,prostate_logreg,non-IID,PROSTATE,,,,,,,,
Client 30,12,0.0,0.0,0.0,0.06,,1,60,14,prostate_logreg,non-IID,PROSTATE,,,,,,,,
Client 31,12,0.0,0.03,0.0,0.06,,1,51,14,prostate_logreg,non-IID,PROSTATE,,,,,,,,
Client 32,12,0.0,0.0,0.0,0.01,,1,67,14,prostate_logreg,non-IID,PROSTATE,,,,,,,,
Client 33,12,0.0,0.0,0.0,0.01,,1,56,14,prostate_logreg,non-IID,PROSTATE,,,,,,,,
Client 34,12,0.0,0.01,0.0,0.01,,1,56,14,prostate_logreg,non-IID,PROSTATE,,,,,,,,
Client 35,12,0.0,0.0,0.0,0.01,,1,57,14,prostate_logreg,non-IID,PROSTATE,,,,,,,,
Client 36,12,0.0,0.0,0.0,0.01,,1,61,14,prostate_logreg,non-IID,PROSTATE,,,,,,,,
Client 37,12,0.0,0.03,0.0,0.06,,1,55,14,prostate_logreg,non-IID,PROSTATE,,,,,,,,
Client 38,12,0.0,0.1,0.0,0.01,,1,55,14,prostate_logreg,non-IID,PROSTATE,,,,,,,,
Client 39,12,0.0,0.12,0.0,0.01,,1,66,14,prostate_logreg,non-IID,PROSTATE,,,,,,,,
Client 40,12,0.0,0.08,0.0,0.01,0.55,1,65,14,prostate_logreg,non-IID,PROSTATE,0.52,0.7784,0.7382,0.2216,0.55,0.7439,0.7166,0.2561
Client 1,13,0.0,0.0,0.0,0.01,,2,101,14,prostate_logreg,non-IID,PROSTATE,,,,,,,,
Client 2,13,0.0,0.14,0.0,0.01,,2,97,14,prostate_logreg,non-IID,PROSTATE,,,,,,,,
Client 3,13,0.0,0.0,0.0,0.01,,2,102,14,prostate_logreg,non-IID,PROSTATE,,,,,,,,
Client 4,13,0.0,0.0,0.0,0.01,,2,98,14,prostate_logreg,non-IID,PROSTATE,,,,,,,,
Client 5,13,0.0,0.02,0.0,0.01,,2,100,14,prostate_logreg,non-IID,PROSTATE,,,,,,,,
Client 6,13,0.0,0.0,0.0,0.01,,2,102,14,prostate_logreg,non-IID,PROSTATE,,,,,,,,
Client 7,13,0.0,0.0,0.0,0.01,,2,99,14,prostate_logreg,non-IID,PROSTATE,,,,,,,,
Client 8,13,0.0,0.05,0.0,0.01,,2,104,14,prostate_logreg,non-IID,PROSTATE,,,,,,,,
Client 9,13,0.0,0.0,0.0,0.01,,2,101,14,prostate_logreg,non-IID,PROSTATE,,,,,,,,
Client 10,13,0.0,0.0,0.0,0.01,,2,101,14,prostate_logreg,non-IID,PROSTATE,,,,,,,,
Client 11,13,0.0,0.05,0.0,0.01,,2,106,14,prostate_logreg,non-IID,PROSTATE,,,,,,,,
Client 12,13,0.0,0.07,0.0,0.01,,2,97,14,prostate_logreg,non-IID,PROSTATE,,,,,,,,
Client 13,13,0.0,0.01,0.0,0.01,,2,109,14,prostate_logreg,non-IID,PROSTATE,,,,,,,,
Client 14,13,0.0,0.0,0.0,0.01,,2,102,14,prostate_logreg,non-IID,PROSTATE,,,,,,,,
Client 15,13,0.0,0.09,0.0,0.02,,2,107,14,prostate_logreg,non-IID,PROSTATE,,,,,,,,
Client 16,13,0.0,0.0,0.0,0.02,,2,104,14,prostate_logreg,non-IID,PROSTATE,,,,,,,,
Client 17,13,0.0,0.05,0.0,0.01,,2,95,14,prostate_logreg,non-IID,PROSTATE,,,,,,,,
Client 18,13,0.0,0.01,0.0,0.01,,2,104,14,prostate_logreg,non-IID,PROSTATE,,,,,,,,
Client 19,13,0.0,0.0,0.0,0.01,,2,97,14,prostate_logreg,non-IID,PROSTATE,,,,,,,,
Client 20,13,0.0,0.0,0.0,0.01,,2,100,14,prostate_logreg,non-IID,PROSTATE,,,,,,,,
Client 21,13,0.0,0.0,0.0,0.01,,2,100,14,prostate_logreg,non-IID,PROSTATE,,,,,,,,
Client 22,13,0.0,0.04,0.0,0.01,,2,98,14,prostate_logreg,non-IID,PROSTATE,,,,,,,,
Client 23,13,0.0,0.01,0.0,0.01,,2,100,14,prostate_logreg,non-IID,PROSTATE,,,,,,,,
Client 24,13,0.0,0.04,0.0,0.01,,2,103,14,prostate_logreg,non-IID,PROSTATE,,,,,,,,
Client 25,13,0.0,0.12,0.0,0.01,,2,102,14,prostate_logreg,non-IID,PROSTATE,,,,,,,,
Client 26,13,0.0,0.14,0.0,0.01,,1,65,14,prostate_logreg,non-IID,PROSTATE,,,,,,,,
Client 27,13,0.0,0.04,0.0,0.06,,1,52,14,prostate_logreg,non-IID,PROSTATE,,,,,,,,
Client 28,13,0.0,0.0,0.0,0.06,,1,57,14,prostate_logreg,non-IID,PROSTATE,,,,,,,,
Client 29,13,0.0,0.01,0.0,0.01,,1,61,14,prostate_logreg,non-IID,PROSTATE,,,,,,,,
Client 30,13,0.0,0.0,0.0,0.06,,1,60,14,prostate_logreg,non-IID,PROSTATE,,,,,,,,
Client 31,13,0.0,0.01,0.0,0.01,,1,64,14,prostate_logreg,non-IID,PROSTATE,,,,,,,,
Client 32,13,0.0,0.0,0.0,0.01,,1,69,14,prostate_logreg,non-IID,PROSTATE,,,,,,,,
Client 33,13,0.0,0.0,0.0,0.01,,1,61,14,prostate_logreg,non-IID,PROSTATE,,,,,,,,
Client 34,13,0.0,0.0,0.0,0.01,,1,64,14,prostate_logreg,non-IID,PROSTATE,,,,,,,,
Client 35,13,0.05,0.0,0.0,0.01,,1,56,14,prostate_logreg,non-IID,PROSTATE,,,,,,,,
Client 36,13,0.0,0.02,0.0,0.01,,1,61,14,prostate_logreg,non-IID,PROSTATE,,,,,,,,
Client 37,13,0.0,0.03,0.0,0.01,,1,63,14,prostate_logreg,non-IID,PROSTATE,,,,,,,,
Client 38,13,0.0,0.09,0.0,0.07,,1,53,14,prostate_logreg,non-IID,PROSTATE,,,,,,,,
Client 39,13,0.0,0.16,0.0,0.07,,1,57,14,prostate_logreg,non-IID,PROSTATE,,,,,,,,
Client 40,13,0.0,0.07,0.0,0.01,0.58,1,59,14,prostate_logreg,non-IID,PROSTATE,0.51,0.7791,0.7392,0.2209,0.54,0.7443,0.717,0.2557
Client 1,14,0.0,0.0,0.0,0.01,,2,103,14,prostate_logreg,non-IID,PROSTATE,,,,,,,,
Client 2,14,0.0,0.13,0.0,0.01,,2,95,14,prostate_logreg,non-IID,PROSTATE,,,,,,,,
Client 3,14,0.0,0.0,0.0,0.01,,2,104,14,prostate_logreg,non-IID,PROSTATE,,,,,,,,
Client 4,14,0.0,0.0,0.0,0.01,,2,106,14,prostate_logreg,non-IID,PROSTATE,,,,,,,,
Client 5,14,0.0,0.0,0.0,0.01,,2,100,14,prostate_logreg,non-IID,PROSTATE,,,,,,,,
Client 6,14,0.0,0.0,0.0,0.01,,2,100,14,prostate_logreg,non-IID,PROSTATE,,,,,,,,
Client 7,14,0.0,0.0,0.0,0.01,,2,104,14,prostate_logreg,non-IID,PROSTATE,,,,,,,,
Client 8,14,0.0,0.05,0.0,0.01,,2,99,14,prostate_logreg,non-IID,PROSTATE,,,,,,,,
Client 9,14,0.0,0.0,0.0,0.01,,2,97,14,prostate_logreg,non-IID,PROSTATE,,,,,,,,
Client 10,14,0.0,0.0,0.0,0.01,,2,99,14,prostate_logreg,non-IID,PROSTATE,,,,,,,,
Client 11,14,0.0,0.03,0.0,0.01,,2,101,14,prostate_logreg,non-IID,PROSTATE,,,,,,,,
Client 12,14,0.0,0.06,0.0,0.01,,2,103,14,prostate_logreg,non-IID,PROSTATE,,,,,,,,
Client 13,14,0.0,0.0,0.0,0.01,,2,97,14,prostate_logreg,non-IID,PROSTATE,,,,,,,,
Client 14,14,0.0,0.0,0.0,0.01,,2,101,14,prostate_logreg,non-IID,PROSTATE,,,,,,,,
Client 15,14,0.0,0.1,0.0,0.01,,2,100,14,prostate_logreg,non-IID,PROSTATE,,,,,,,,
Client 16,14,0.0,0.01,0.0,0.01,,2,101,14,prostate_logreg,non-IID,PROSTATE,,,,,,,,
Client 17,14,0.0,0.02,0.0,0.01,,2,98,14,prostate_logreg,non-IID,PROSTATE,,,,,,,,
Client 18,14,0.0,0.03,0.0,0.01,,2,101,14,prostate_logreg,non-IID,PROSTATE,,,,,,,,
Client 19,14,0.0,0.0,0.0,0.01,,2,100,14,prostate_logreg,non-IID,PROSTATE,,,,,,,,
Client 20,14,0.0,0.0,0.0,0.01,,2,100,14,prostate_logreg,non-IID,PROSTATE,,,,,,,,
Client 21,14,0.0,0.0,0.0,0.01,,2,102,14,prostate_logreg,non-IID,PROSTATE,,,,,,,,
Client 22,14,0.0,0.03,0.0,0.01,,2,96,14,prostate_logreg,non-IID,PROSTATE,,,,,,,,
Client 23,14,0.0,0.0,0.0,0.01,,2,99,14,prostate_logreg,non-IID,PROSTATE,,,,,,,,
Client 24,14,0.0,0.05,0.0,0.01,,2,101,14,prostate_logreg,non-IID,PROSTATE,,,,,,,,
Client 25,14,0.0,0.09,0.0,0.01,,2,105,14,prostate_logreg,non-IID,PROSTATE,,,,,,,,
Client 26,14,0.0,0.13,0.0,0.01,,1,58,14,prostate_logreg,non-IID,PROSTATE,,,,,,,,
Client 27,14,0.0,0.05,0.0,0.06,,1,57,14,prostate_logreg,non-IID,PROSTATE,,,,,,,,
Client 28,14,0.0,0.04,0.0,0.01,,1,77,14,prostate_logreg,non-IID,PROSTATE,,,,,,,,
Client 29,14,0.0,0.0,0.0,0.01,,1,62,14,prostate_logreg,non-IID,PROSTATE,,,,,,,,
Client 30,14,0.0,0.0,0.0,0.06,,1,62,14,prostate_logreg,non-IID,PROSTATE,,,,,,,,
Client 31,14,0.0,0.02,0.0,0.06,,1,49,14,prostate_logreg,non-IID,PROSTATE,,,,,,,,
Client 32,14,0.0,0.01,0.0,0.01,,1,72,14,prostate_logreg,non-IID,PROSTATE,,,,,,,,
Client 33,14,0.0,0.0,0.0,0.06,,1,52,14,prostate_logreg,non-IID,PROSTATE,,,,,,,,
Client 34,14,0.0,0.01,0.0,0.01,,1,63,14,prostate_logreg,non-IID,PROSTATE,,,,,,,,
Client 35,14,0.0,0.01,0.0,0.01,,1,65,14,prostate_logreg,non-IID,PROSTATE,,,,,,,,
Client 36,14,0.0,0.02,0.0,0.01,,1,61,14,prostate_logreg,non-IID,PROSTATE,,,,,,,,
Client 37,14,0.0,0.02,0.0,0.01,,1,63,14,prostate_logreg,non-IID,PROSTATE,,,,,,,,
Client 38,14,0.0,0.09,0.0,0.01,,1,60,14,prostate_logreg,non-IID,PROSTATE,,,,,,,,
Client 39,14,0.0,0.15,0.0,0.02,,1,60,14,prostate_logreg,non-IID,PROSTATE,,,,,,,,
Client 40,14,0.0,0.06,0.0,0.01,0.50,1,57,14,prostate_logreg,non-IID,PROSTATE,0.51,0.7736,0.7339,0.2264,0.54,0.7439,0.7166,0.2561
Client 1,15,0.0,0.01,0.0,0.01,,2,102,14,prostate_logreg,non-IID,PROSTATE,,,,,,,,
Client 2,15,0.0,0.13,0.0,0.01,,2,96,14,prostate_logreg,non-IID,PROSTATE,,,,,,,,
Client 3,15,0.0,0.0,0.0,0.01,,2,102,14,prostate_logreg,non-IID,PROSTATE,,,,,,,,
Client 4,15,0.0,0.0,0.0,0.01,,2,103,14,prostate_logreg,non-IID,PROSTATE,,,,,,,,
Client 5,15,0.0,0.0,0.0,0.02,,2,101,14,prostate_logreg,non-IID,PROSTATE,,,,,,,,
Client 6,15,0.0,0.0,0.0,0.01,,2,99,14,prostate_logreg,non-IID,PROSTATE,,,,,,,,
Client 7,15,0.0,0.0,0.0,0.01,,2,101,14,prostate_logreg,non-IID,PROSTATE,,,,,,,,
Client 8,15,0.0,0.06,0.0,0.01,,2,97,14,prostate_logreg,non-IID,PROSTATE,,,,,,,,
Client 9,15,0.0,0.0,0.0,0.01,,2,96,14,prostate_logreg,non-IID,PROSTATE,,,,,,,,
Client 10,15,0.0,0.0,0.0,0.01,,2,110,14,prostate_logreg,non-IID,PROSTATE,,,,,,,,
Client 11,15,0.0,0.03,0.0,0.02,,2,98,14,prostate_logreg,non-IID,PROSTATE,,,,,,,,
Client 12,15,0.0,0.08,0.0,0.01,,2,102,14,prostate_logreg,non-IID,PROSTATE,,,,,,,,
Client 13,15,0.0,0.0,0.0,0.01,,2,98,14,prostate_logreg,non-IID,PROSTATE,,,,,,,,
Client 14,15,0.0,0.0,0.0,0.01,,2,98,14,prostate_logreg,non-IID,PROSTATE,,,,,,,,
Client 15,15,0.0,0.09,0.0,0.01,,2,100,14,prostate_logreg,non-IID,PROSTATE,,,,,,,,
Client 16,15,0.0,0.01,0.0,0.01,,2,97,14,prostate_logreg,non-IID,PROSTATE,,,,,,,,
Client 17,15,0.0,0.02,0.0,0.01,,2,109,14,prostate_logreg,non-IID,PROSTATE,,,,,,,,
Client 18,15,0.0,0.02,0.0,0.01,,2,95,14,prostate_logreg,non-IID,PROSTATE,,,,,,,,
Client 19,15,0.0,0.0,0.0,0.01,,2,102,14,prostate_logreg,non-IID,PROSTATE,,,,,,,,
Client 20,15,0.0,0.01,0.0,0.01,,2,101,14,prostate_logreg,non-IID,PROSTATE,,,,,,,,
Client 21,15,0.0,0.03,0.0,0.01,,2,98,14,prostate_logreg,non-IID,PROSTATE,,,,,,,,
Client 22,15,0.0,0.03,0.0,0.01,,2,102,14,prostate_logreg,non-IID,PROSTATE,,,,,,,,
Client 23,15,0.0,0.0,0.0,0.01,,2,108,14,prostate_logreg,non-IID,PROSTATE,,,,,,,,
Client 24,15,0.0,0.05,0.0,0.01,,2,109,14,prostate_logreg,non-IID,PROSTATE,,,,,,,,
Client 25,15,0.0,0.06,0.0,0.01,,2,103,14,prostate_logreg,non-IID,PROSTATE,,,,,,,,
Client 26,15,0.05,0.12,0.0,0.01,,1,58,14,prostate_logreg,non-IID,PROSTATE,,,,,,,,
Client 27,15,0.0,0.05,0.0,0.06,,1,55,14,prostate_logreg,non-IID,PROSTATE,,,,,,,,
Client 28,15,0.0,0.05,0.0,0.01,,1,70,14,prostate_logreg,non-IID,PROSTATE,,,,,,,,
Client 29,15,0.0,0.0,0.0,0.01,,1,60,14,prostate_logreg,non-IID,PROSTATE,,,,,,,,
Client 30,15,0.0,0.0,0.0,0.06,,1,56,14,prostate_logreg,non-IID,PROSTATE,,,,,,,,
Client 31,15,0.0,0.02,0.0,0.01,,1,71,14,prostate_logreg,non-IID,PROSTATE,,,,,,,,
Client 32,15,0.0,0.01,0.0,0.01,,1,69,14,prostate_logreg,non-IID,PROSTATE,,,,,,,,
Client 33,15,0.0,0.0,0.0,0.01,,1,58,14,prostate_logreg,non-IID,PROSTATE,,,,,,,,
Client 34,15,0.0,0.02,0.0,0.01,,1,58,14,prostate_logreg,non-IID,PROSTATE,,,,,,,,
Client 35,15,0.0,0.01,0.0,0.01,,1,62,14,prostate_logreg,non-IID,PROSTATE,,,,,,,,
Client 36,15,0.0,0.02,0.0,0.01,,1,68,14,prostate_logreg,non-IID,PROSTATE,,,,,,,,
Client 37,15,0.0,0.02,0.0,0.01,,1,73,14,prostate_logreg,non-IID,PROSTATE,,,,,,,,
Client 38,15,0.0,0.09,0.0,0.01,,1,52,14,prostate_logreg,non-IID,PROSTATE,,,,,,,,
Client 39,15,0.0,0.14,0.0,0.01,,1,58,14,prostate_logreg,non-IID,PROSTATE,,,,,,,,
Client 40,15,0.0,0.07,0.0,0.06,0.52,1,52,14,prostate_logreg,non-IID,PROSTATE,0.51,0.7709,0.7285,0.2291,0.54,0.7435,0.7157,0.2565
Client 1,16,0.0,0.01,0.0,0.01,,2,96,14,prostate_logreg,non-IID,PROSTATE,,,,,,,,
Client 2,16,0.0,0.12,0.0,0.01,,2,98,14,prostate_logreg,non-IID,PROSTATE,,,,,,,,
Client 3,16,0.0,0.0,0.0,0.01,,2,104,14,prostate_logreg,non-IID,PROSTATE,,,,,,,,
Client 4,16,0.0,0.0,0.0,0.01,,2,100,14,prostate_logreg,non-IID,PROSTATE,,,,,,,,
Client 5,16,0.0,0.0,0.0,0.01,,2,101,14,prostate_logreg,non-IID,PROSTATE,,,,,,,,
Client 6,16,0.0,0.0,0.0,0.01,,2,101,14,prostate_logreg,non-IID,PROSTATE,,,,,,,,
Client 7,16,0.0,0.02,0.0,0.01,,2,104,14,prostate_logreg,non-IID,PROSTATE,,,,,,,,
Client 8,16,0.0,0.06,0.0,0.01,,2,98,14,prostate_logreg,non-IID,PROSTATE,,,,,,,,
Client 9,16,0.0,0.0,0.0,0.01,,2,102,14,prostate_logreg,non-IID,PROSTATE,,,,,,,,
Client 10,16,0.0,0.0,0.0,0.01,,2,101,14,prostate_logreg,non-IID,PROSTATE,,,,,,,,
Client 11,16,0.0,0.03,0.0,0.01,,2,98,14,prostate_logreg,non-IID,PROSTATE,,,,,,,,
Client 12,16,0.0,0.08,0.0,0.01,,2,109,14,prostate_logreg,non-IID,PROSTATE,,,,,,,,
Client 13,16,0.0,0.0,0.0,0.01,,2,97,14,prostate_logreg,non-IID,PROSTATE,,,,,,,,
Client 14,16,0.0,0.0,0.0,0.01,,2,98,14,prostate_logreg,non-IID,PROSTATE,,,,,,,,
Client 15,16,0.0,0.05,0.0,0.01,,2,99,14,prostate_logreg,non-IID,PROSTATE,,,,,,,,
Client 16,16,0.0,0.02,0.0,0.01,,2,101,14,prostate_logreg,non-IID,PROSTATE,,,,,,,,
Client 17,16,0.0,0.0,0.0,0.01,,2,99,14,prostate_logreg,non-IID,PROSTATE,,,,,,,,
Client 18,16,0.0,0.04,0.0,0.01,,2,99,14,prostate_logreg,non-IID,PROSTATE,,,,,,,,
Client 19,16,0.0,0.0,0.0,0.01,,2,98,14,prostate_logreg,non-IID,PROSTATE,,,,,,,,
Client 20,16,0.0,0.01,0.0,0.01,,2,105,14,prostate_logreg,non-IID,PROSTATE,,,,,,,,
Client 21,16,0.0,0.02,0.0,0.01,,2,98,14,prostate_logreg,non-IID,PROSTATE,,,,,,,,
Client 22,16,0.0,0.01,0.0,0.01,,2,102,14,prostate_logreg,non-IID,PROSTATE,,,,,,,,
Client 23,16,0.0,0.01,0.0,0.01,,2,97,14,prostate_logreg,non-IID,PROSTATE,,,,,,,,
Client 24,16,0.0,0.06,0.0,0.01,,2,100,14,prostate_logreg,non-IID,PROSTATE,,,,,,,,
Client 25,16,0.0,0.07,0.0,0.01,,2,110,14,prostate_logreg,non-IID,PROSTATE,,,,,,,,
Client 26,16,0.0,0.1,0.0,0.01,,1,63,14,prostate_logreg,non-IID,PROSTATE,,,,,,,,
Client 27,16,0.0,0.05,0.0,0.01,,1,60,14,prostate_logreg,non-IID,PROSTATE,,,,,,,,
Client 28,16,0.0,0.05,0.0,0.01,,1,67,14,prostate_logreg,non-IID,PROSTATE,,,,,,,,
Client 29,16,0.0,0.0,0.0,0.01,,1,62,14,prostate_logreg,non-IID,PROSTATE,,,,,,,,
Client 30,16,0.0,0.0,0.0,0.06,,1,55,14,prostate_logreg,non-IID,PROSTATE,,,,,,,,
Client 31,16,0.0,0.0,0.0,0.01,,1,69,14,prostate_logreg,non-IID,PROSTATE,,,,,,,,
Client 32,16,0.0,0.01,0.0,0.01,,1,62,14,prostate_logreg,non-IID,PROSTATE,,,,,,,,
Client 33,16,0.0,0.0,0.0,0.01,,1,63,14,prostate_logreg,non-IID,PROSTATE,,,,,,,,
Client 34,16,0.0,0.01,0.0,0.01,,1,59,14,prostate_logreg,non-IID,PROSTATE,,,,,,,,
Client 35,16,0.0,0.0,0.0,0.06,,1,60,14,prostate_logreg,non-IID,PROSTATE,,,,,,,,
Client 36,16,0.0,0.02,0.0,0.01,,1,72,14,prostate_logreg,non-IID,PROSTATE,,,,,,,,
Client 37,16,0.0,0.02,0.0,0.01,,1,69,14,prostate_logreg,non-IID,PROSTATE,,,,,,,,
Client 38,16,0.0,0.09,0.0,0.01,,1,59,14,prostate_logreg,non-IID,PROSTATE,,,,,,,,
Client 39,16,0.0,0.13,0.0,0.06,,1,56,14,prostate_logreg,non-IID,PROSTATE,,,,,,,,
Client 40,16,0.0,0.07,0.0,0.06,0.49,1,55,14,prostate_logreg,non-IID,PROSTATE,0.51,0.7705,0.7329,0.2295,0.54,0.743,0.7151,0.257
Client 1,17,0.0,0.0,0.0,0.01,,2,101,14,prostate_logreg,non-IID,PROSTATE,,,,,,,,
Client 2,17,0.0,0.13,0.0,0.01,,2,96,14,prostate_logreg,non-IID,PROSTATE,,,,,,,,
Client 3,17,0.0,0.0,0.0,0.01,,2,102,14,prostate_logreg,non-IID,PROSTATE,,,,,,,,
Client 4,17,0.0,0.0,0.0,0.01,,2,109,14,prostate_logreg,non-IID,PROSTATE,,,,,,,,
Client 5,17,0.0,0.01,0.0,0.01,,2,95,14,prostate_logreg,non-IID,PROSTATE,,,,,,,,
Client 6,17,0.0,0.01,0.0,0.01,,2,103,14,prostate_logreg,non-IID,PROSTATE,,,,,,,,
Client 7,17,0.0,0.01,0.0,0.01,,2,99,14,prostate_logreg,non-IID,PROSTATE,,,,,,,,
Client 8,17,0.0,0.04,0.0,0.01,,2,97,14,prostate_logreg,non-IID,PROSTATE,,,,,,,,
Client 9,17,0.0,0.0,0.0,0.01,,2,100,14,prostate_logreg,non-IID,PROSTATE,,,,,,,,
Client 10,17,0.0,0.0,0.0,0.01,,2,104,14,prostate_logreg,non-IID,PROSTATE,,,,,,,,
Client 11,17,0.0,0.02,0.0,0.01,,2,101,14,prostate_logreg,non-IID,PROSTATE,,,,,,,,
Client 12,17,0.0,0.05,0.0,0.01,,2,99,14,prostate_logreg,non-IID,PROSTATE,,,,,,,,
Client 13,17,0.0,0.0,0.0,0.01,,2,96,14,prostate_logreg,non-IID,PROSTATE,,,,,,,,
Client 14,17,0.0,0.0,0.0,0.01,,2,98,14,prostate_logreg,non-IID,PROSTATE,,,,,,,,
Client 15,17,0.0,0.05,0.0,0.01,,2,104,14,prostate_logreg,non-IID,PROSTATE,,,,,,,,
Client 16,17,0.0,0.02,0.0,0.01,,2,97,14,prostate_logreg,non-IID,PROSTATE,,,,,,,,
Client 17,17,0.0,0.0,0.0,0.01,,2,98,14,prostate_logreg,non-IID,PROSTATE,,,,,,,,
Client 18,17,0.0,0.03,0.0,0.01,,2,97,14,prostate_logreg,non-IID,PROSTATE,,,,,,,,
Client 19,17,0.0,0.0,0.0,0.01,,2,101,14,prostate_logreg,non-IID,PROSTATE,,,,,,,,
Client 20,17,0.0,0.03,0.0,0.01,,2,100,14,prostate_logreg,non-IID,PROSTATE,,,,,,,,
Client 21,17,0.0,0.02,0.0,0.01,,2,103,14,prostate_logreg,non-IID,PROSTATE,,,,,,,,
Client 22,17,0.0,0.01,0.0,0.01,,2,107,14,prostate_logreg,non-IID,PROSTATE,,,,,,,,
Client 23,17,0.0,0.0,0.0,0.01,,2,100,14,prostate_logreg,non-IID,PROSTATE,,,,,,,,
Client 24,17,0.0,0.07,0.0,0.01,,2,102,14,prostate_logreg,non-IID,PROSTATE,,,,,,,,
Client 25,17,0.0,0.07,0.0,0.01,,2,98,14,prostate_logreg,non-IID,PROSTATE,,,,,,,,
Client 26,17,0.0,0.07,0.0,0.06,,1,62,14,prostate_logreg,non-IID,PROSTATE,,,,,,,,
Client 27,17,0.0,0.05,0.0,0.06,,1,62,14,prostate_logreg,non-IID,PROSTATE,,,,,,,,
Client 28,17,0.0,0.05,0.0,0.06,,1,56,14,prostate_logreg,non-IID,PROSTATE,,,,,,,,
Client 29,17,0.0,0.0,0.0,0.01,,1,58,14,prostate_logreg,non-IID,PROSTATE,,,,,,,,
Client 30,17,0.0,0.0,0.0,0.06,,1,51,14,prostate_logreg,non-IID,PROSTATE,,,,,,,,
Client 31,17,0.0,0.0,0.0,0.01,,1,65,14,prostate_logreg,non-IID,PROSTATE,,,,,,,,
Client 32,17,0.0,0.0,0.0,0.01,,1,68,14,prostate_logreg,non-IID,PROSTATE,,,,,,,,
Client 33,17,0.0,0.0,0.0,0.02,,1,63,14,prostate_logreg,non-IID,PROSTATE,,,,,,,,
Client 34,17,0.0,0.0,0.0,0.01,,1,65,14,prostate_logreg,non-IID,PROSTATE,,,,,,,,
Client 35,17,0.05,0.0,0.0,0.01,,1,59,14,prostate_logreg,non-IID,PROSTATE,,,,,,,,
Client 36,17,0.0,0.02,0.0,0.01,,1,61,14,prostate_logreg,non-IID,PROSTATE,,,,,,,,
Client 37,17,0.0,0.02,0.0,0.01,,1,64,14,prostate_logreg,non-IID,PROSTATE,,,,,,,,
Client 38,17,0.0,0.07,0.0,0.01,,1,74,14,prostate_logreg,non-IID,PROSTATE,,,,,,,,
Client 39,17,0.0,0.13,0.0,0.01,,1,55,14,prostate_logreg,non-IID,PROSTATE,,,,,,,,
Client 40,17,0.0,0.04,0.0,0.06,0.51,1,50,14,prostate_logreg,non-IID,PROSTATE,0.51,0.7696,0.734,0.2304,0.53,0.7428,0.715,0.2572
Client 1,18,0.0,0.0,0.0,0.01,,2,99,14,prostate_logreg,non-IID,PROSTATE,,,,,,,,
Client 2,18,0.0,0.13,0.0,0.01,,2,98,14,prostate_logreg,non-IID,PROSTATE,,,,,,,,
Client 3,18,0.0,0.0,0.0,0.01,,2,99,14,prostate_logreg,non-IID,PROSTATE,,,,,,,,
Client 4,18,0.0,0.0,0.0,0.01,,2,99,14,prostate_logreg,non-IID,PROSTATE,,,,,,,,
Client 5,18,0.0,0.0,0.0,0.01,,2,98,14,prostate_logreg,non-IID,PROSTATE,,,,,,,,
Client 6,18,0.0,0.01,0.0,0.02,,2,105,14,prostate_logreg,non-IID,PROSTATE,,,,,,,,
Client 7,18,0.0,0.01,0.0,0.01,,2,97,14,prostate_logreg,non-IID,PROSTATE,,,,,,,,
Client 8,18,0.0,0.04,0.0,0.01,,2,102,14,prostate_logreg,non-IID,PROSTATE,,,,,,,,
Client 9,18,0.0,0.0,0.0,0.01,,2,102,14,prostate_logreg,non-IID,PROSTATE,,,,,,,,
Client 10,18,0.0,0.0,0.0,0.01,,2,102,14,prostate_logreg,non-IID,PROSTATE,,,,,,,,
Client 11,18,0.0,0.02,0.0,0.01,,2,100,14,prostate_logreg,non-IID,PROSTATE,,,,,,,,
Client 12,18,0.0,0.03,0.0,0.01,,2,97,14,prostate_logreg,non-IID,PROSTATE,,,,,,,,
Client 13,18,0.0,0.0,0.0,0.01,,2,98,14,prostate_logreg,non-IID,PROSTATE,,,,,,,,
Client 14,18,0.0,0.0,0.0,0.01,,2,104,14,prostate_logreg,non-IID,PROSTATE,,,,,,,,
Client 15,18,0.0,0.04,0.0,0.02,,2,103,14,prostate_logreg,non-IID,PROSTATE,,,,,,,,
Client 16,18,0.0,0.04,0.0,0.01,,2,98,14,prostate_logreg,non-IID,PROSTATE,,,,,,,,
Client 17,18,0.0,0.0,0.0,0.01,,2,104,14,prostate_logreg,non-IID,PROSTATE,,,,,,,,
Client 18,18,0.0,0.03,0.0,0.01,,2,97,14,prostate_logreg,non-IID,PROSTATE,,,,,,,,
Client 19,18,0.0,0.0,0.0,0.01,,2,103,14,prostate_logreg,non-IID,PROSTATE,,,,,,,,
Client 20,18,0.0,0.05,0.0,0.01,,2,101,14,prostate_logreg,non-IID,PROSTATE,,,,,,,,
Client 21,18,0.0,0.02,0.0,0.01,,2,103,14,prostate_logreg,non-IID,PROSTATE,,,,,,,,
Client 22,18,0.0,0.01,0.0,0.01,,2,102,14,prostate_logreg,non-IID,PROSTATE,,,,,,,,
Client 23,18,0.0,0.0,0.0,0.01,,2,100,14,prostate_logreg,non-IID,PROSTATE,,,,,,,,
Client 24,18,0.0,0.06,0.0,0.01,,2,101,14,prostate_logreg,non-IID,PROSTATE,,,,,,,,
Client 25,18,0.0,0.07,0.0,0.01,,2,99,14,prostate_logreg,non-IID,PROSTATE,,,,,,,,
Client 26,18,0.0,0.05,0.0,0.01,,1,61,14,prostate_logreg,non-IID,PROSTATE,,,,,,,,
Client 27,18,0.0,0.04,0.0,0.06,,1,60,14,prostate_logreg,non-IID,PROSTATE,,,,,,,,
Client 28,18,0.0,0.04,0.0,0.06,,1,55,14,prostate_logreg,non-IID,PROSTATE,,,,,,,,
Client 29,18,0.0,0.0,0.0,0.01,,1,61,14,prostate_logreg,non-IID,PROSTATE,,,,,,,,
Client 30,18,0.0,0.0,0.0,0.06,,1,56,14,prostate_logreg,non-IID,PROSTATE,,,,,,,,
Client 31,18,0.0,0.0,0.0,0.01,,1,65,14,prostate_logreg,non-IID,PROSTATE,,,,,,,,
Client 32,18,0.0,0.0,0.0,0.01,,1,77,14,prostate_logreg,non-IID,PROSTATE,,,,,,,,
Client 33,18,0.05,0.0,0.0,0.01,,1,55,14,prostate_logreg,non-IID,PROSTATE,,,,,,,,
Client 34,18,0.0,0.0,0.0,0.01,,1,58,14,prostate_logreg,non-IID,PROSTATE,,,,,,,,
Client 35,18,0.0,0.0,0.0,0.06,,1,55,14,prostate_logreg,non-IID,PROSTATE,,,,,,,,
Client 36,18,0.0,0.02,0.0,0.01,,1,61,14,prostate_logreg,non-IID,PROSTATE,,,,,,,,
Client 37,18,0.0,0.02,0.0,0.01,,1,72,14,prostate_logreg,non-IID,PROSTATE,,,,,,,,
Client 38,18,0.0,0.05,0.0,0.06,,1,50,14,prostate_logreg,non-IID,PROSTATE,,,,,,,,
Client 39,18,0.0,0.13,0.0,0.01,,1,60,14,prostate_logreg,non-IID,PROSTATE,,,,,,,,
Client 40,18,0.0,0.04,0.0,0.01,0.52,1,61,14,prostate_logreg,non-IID,PROSTATE,0.51,0.7714,0.7386,0.2286,0.53,0.7427,0.715,0.2573
Client 1,19,0.0,0.0,0.0,0.01,,2,106,14,prostate_logreg,non-IID,PROSTATE,,,,,,,,
Client 2,19,0.0,0.13,0.0,0.01,,2,101,14,prostate_logreg,non-IID,PROSTATE,,,,,,,,
Client 3,19,0.0,0.0,0.0,0.01,,2,101,14,prostate_logreg,non-IID,PROSTATE,,,,,,,,
Client 4,19,0.0,0.0,0.0,0.01,,2,103,14,prostate_logreg,non-IID,PROSTATE,,,,,,,,
Client 5,19,0.0,0.0,0.0,0.01,,2,98,14,prostate_logreg,non-IID,PROSTATE,,,,,,,,
Client 6,19,0.0,0.0,0.0,0.01,,2,103,14,prostate_logreg,non-IID,PROSTATE,,,,,,,,
Client 7,19,0.0,0.0,0.0,0.01,,2,99,14,prostate_logreg,non-IID,PROSTATE,,,,,,,,
Client 8,19,0.0,0.03,0.0,0.01,,2,104,14,prostate_logreg,non-IID,PROSTATE,,,,,,,,
Client 9,19,0.0,0.0,0.0,0.01,,2,101,14,prostate_logreg,non-IID,PROSTATE,,,,,,,,
Client 10,19,0.0,0.0,0.0,0.01,,2,99,14,prostate_logreg,non-IID,PROSTATE,,,,,,,,
Client 11,19,0.0,0.03,0.0,0.01,,2,96,14,prostate_logreg,non-IID,PROSTATE,,,,,,,,
Client 12,19,0.0,0.02,0.0,0.01,,2,99,14,prostate_logreg,non-IID,PROSTATE,,,,,,,,
Client 13,19,0.0,0.0,0.0,0.01,,2,95,14,prostate_logreg,non-IID,PROSTATE,,,,,,,,
Client 14,19,0.0,0.0,0.0,0.01,,2,95,14,prostate_logreg,non-IID,PROSTATE,,,,,,,,
Client 15,19,0.0,0.05,0.0,0.01,,2,103,14,prostate_logreg,non-IID,PROSTATE,,,,,,,,
Client 16,19,0.0,0.04,0.0,0.01,,2,99,14,prostate_logreg,non-IID,PROSTATE,,,,,,,,
Client 17,19,0.0,0.0,0.0,0.01,,2,99,14,prostate_logreg,non-IID,PROSTATE,,,,,,,,
Client 18,19,0.0,0.02,0.0,0.01,,2,96,14,prostate_logreg,non-IID,PROSTATE,,,,,,,,
Client 19,19,0.0,0.0,0.0,0.01,,2,96,14,prostate_logreg,non-IID,PROSTATE,,,,,,,,
Client 20,19,0.0,0.03,0.0,0.01,,2,103,14,prostate_logreg,non-IID,PROSTATE,,,,,,,,
Client 21,19,0.0,0.02,0.0,0.01,,2,97,14,prostate_logreg,non-IID,PROSTATE,,,,,,,,
Client 22,19,0.0,0.0,0.0,0.01,,2,103,14,prostate_logreg,non-IID,PROSTATE,,,,,,,,
Client 23,19,0.0,0.0,0.0,0.01,,2,100,14,prostate_logreg,non-IID,PROSTATE,,,,,,,,
Client 24,19,0.0,0.06,0.0,0.01,,2,101,14,prostate_logreg,non-IID,PROSTATE,,,,,,,,
Client 25,19,0.0,0.04,0.0,0.01,,2,101,14,prostate_logreg,non-IID,PROSTATE,,,,,,,,
Client 26,19,0.0,0.03,0.0,0.01,,1,62,14,prostate_logreg,non-IID,PROSTATE,,,,,,,,
Client 27,19,0.0,0.05,0.0,0.01,,1,70,14,prostate_logreg,non-IID,PROSTATE,,,,,,,,
Client 28,19,0.0,0.04,0.0,0.01,,1,65,14,prostate_logreg,non-IID,PROSTATE,,,,,,,,
Client 29,19,0.0,0.0,0.0,0.01,,1,60,14,prostate_logreg,non-IID,PROSTATE,,,,,,,,
Client 30,19,0.0,0.0,0.0,0.06,,1,52,14,prostate_logreg,non-IID,PROSTATE,,,,,,,,
Client 31,19,0.0,0.0,0.0,0.01,,1,62,14,prostate_logreg,non-IID,PROSTATE,,,,,,,,
Client 32,19,0.0,0.0,0.0,0.01,,1,68,14,prostate_logreg,non-IID,PROSTATE,,,,,,,,
Client 33,19,0.0,0.0,0.0,0.02,,1,62,14,prostate_logreg,non-IID,PROSTATE,,,,,,,,
Client 34,19,0.0,0.0,0.0,0.01,,1,56,14,prostate_logreg,non-IID,PROSTATE,,,,,,,,
Client 35,19,0.0,0.0,0.0,0.01,,1,56,14,prostate_logreg,non-IID,PROSTATE,,,,,,,,
Client 36,19,0.0,0.02,0.0,0.01,,1,61,14,prostate_logreg,non-IID,PROSTATE,,,,,,,,
Client 37,19,0.0,0.02,0.0,0.01,,1,70,14,prostate_logreg,non-IID,PROSTATE,,,,,,,,
Client 38,19,0.0,0.03,0.0,0.06,,1,51,14,prostate_logreg,non-IID,PROSTATE,,,,,,,,
Client 39,19,0.0,0.13,0.0,0.01,,1,61,14,prostate_logreg,non-IID,PROSTATE,,,,,,,,
Client 40,19,0.0,0.05,0.0,0.01,0.50,1,59,14,prostate_logreg,non-IID,PROSTATE,0.5,0.7734,0.7452,0.2266,0.53,0.7427,0.7154,0.2573
Client 1,20,0.0,0.0,0.0,0.01,,2,100,14,prostate_logreg,non-IID,PROSTATE,,,,,,,,
Client 2,20,0.0,0.12,0.0,0.01,,2,104,14,prostate_logreg,non-IID,PROSTATE,,,,,,,,
Client 3,20,0.0,0.0,0.0,0.01,,2,97,14,prostate_logreg,non-IID,PROSTATE,,,,,,,,
Client 4,20,0.0,0.0,0.0,0.01,,2,94,14,prostate_logreg,non-IID,PROSTATE,,,,,,,,
Client 5,20,0.0,0.0,0.0,0.01,,2,100,14,prostate_logreg,non-IID,PROSTATE,,,,,,,,
Client 6,20,0.0,0.0,0.0,0.01,,2,104,14,prostate_logreg,non-IID,PROSTATE,,,,,,,,
Client 7,20,0.0,0.0,0.0,0.01,,2,98,14,prostate_logreg,non-IID,PROSTATE,,,,,,,,
Client 8,20,0.0,0.02,0.0,0.01,,2,104,14,prostate_logreg,non-IID,PROSTATE,,,,,,,,
Client 9,20,0.0,0.0,0.0,0.01,,2,105,14,prostate_logreg,non-IID,PROSTATE,,,,,,,,
Client 10,20,0.0,0.0,0.0,0.01,,2,101,14,prostate_logreg,non-IID,PROSTATE,,,,,,,,
Client 11,20,0.0,0.02,0.0,0.01,,2,105,14,prostate_logreg,non-IID,PROSTATE,,,,,,,,
Client 12,20,0.0,0.02,0.0,0.01,,2,95,14,prostate_logreg,non-IID,PROSTATE,,,,,,,,
Client 13,20,0.0,0.0,0.0,0.01,,2,100,14,prostate_logreg,non-IID,PROSTATE,,,,,,,,
Client 14,20,0.0,0.0,0.0,0.01,,2,102,14,prostate_logreg,non-IID,PROSTATE,,,,,,,,
Client 15,20,0.0,0.04,0.0,0.01,,2,104,14,prostate_logreg,non-IID,PROSTATE,,,,,,,,
Client 16,20,0.0,0.04,0.0,0.01,,2,99,14,prostate_logreg,non-IID,PROSTATE,,,,,,,,
Client 17,20,0.0,0.0,0.0,0.01,,2,98,14,prostate_logreg,non-IID,PROSTATE,,,,,,,,
Client 18,20,0.0,0.02,0.0,0.01,,2,100,14,prostate_logreg,non-IID,PROSTATE,,,,,,,,
Client 19,20,0.0,0.0,0.0,0.01,,2,101,14,prostate_logreg,non-IID,PROSTATE,,,,,,,,
Client 20,20,0.0,0.02,0.0,0.01,,2,102,14,prostate_logreg,non-IID,PROSTATE,,,,,,,,
Client 21,20,0.0,0.02,0.0,0.01,,2,103,14,prostate_logreg,non-IID,PROSTATE,,,,,,,,
Client 22,20,0.0,0.0,0.0,0.01,,2,95,14,prostate_logreg,non-IID,PROSTATE,,,,,,,,
Client 23,20,0.0,0.0,0.0,0.01,,2,101,14,prostate_logreg,non-IID,PROSTATE,,,,,,,,
Client 24,20,0.0,0.04,0.0,0.01,,2,102,14,prostate_logreg,non-IID,PROSTATE,,,,,,,,
Client 25,20,0.0,0.05,0.0,0.01,,2,97,14,prostate_logreg,non-IID,PROSTATE,,,,,,,,
Client 26,20,0.0,0.02,0.0,0.01,,1,78,14,prostate_logreg,non-IID,PROSTATE,,,,,,,,
Client 27,20,0.0,0.04,0.0,0.01,,1,68,14,prostate_logreg,non-IID,PROSTATE,,,,,,,,
Client 28,20,0.0,0.04,0.0,0.06,,1,57,14,prostate_logreg,non-IID,PROSTATE,,,,,,,,
Client 29,20,0.0,0.0,0.0,0.01,,1,59,14,prostate_logreg,non-IID,PROSTATE,,,,,,,,
Client 30,20,0.0,0.0,0.0,0.06,,1,52,14,prostate_logreg,non-IID,PROSTATE,,,,,,,,
Client 31,20,0.0,0.0,0.0,0.01,,1,72,14,prostate_logreg,non-IID,PROSTATE,,,,,,,,
Client 32,20,0.0,0.0,0.0,0.01,,1,65,14,prostate_logreg,non-IID,PROSTATE,,,,,,,,
Client 33,20,0.05,0.0,0.0,0.01,,1,55,14,prostate_logreg,non-IID,PROSTATE,,,,,,,,
Client 34,20,0.0,0.0,0.0,0.01,,1,58,14,prostate_logreg,non-IID,PROSTATE,,,,,,,,
Client 35,20,0.0,0.0,0.0,0.01,,1,59,14,prostate_logreg,non-IID,PROSTATE,,,,,,,,
Client 36,20,0.0,0.02,0.0,0.01,,1,67,14,prostate_logreg,non-IID,PROSTATE,,,,,,,,
Client 37,20,0.0,0.02,0.0,0.01,,1,59,14,prostate_logreg,non-IID,PROSTATE,,,,,,,,
Client 38,20,0.0,0.02,0.0,0.06,,1,54,14,prostate_logreg,non-IID,PROSTATE,,,,,,,,
Client 39,20,0.0,0.12,0.0,0.01,,1,69,14,prostate_logreg,non-IID,PROSTATE,,,,,,,,
Client 40,20,0.0,0.04,0.0,0.06,0.51,1,58,14,prostate_logreg,non-IID,PROSTATE,0.5,0.7725,0.7458,0.2275,0.53,0.7428,0.7158,0.2572
